185605177
186594615
186647834
186776709
186933490
187063709
187094209
187153521
187213146
187302865
187363927
187399177
187451740
187521334
187629146
187687334
187920896
187936584
188043334
188155552
188231052
188424802
188572646
188653052
188923209
188973646
189243771
189304271
189590927
189684896
189827146
189867834
189959490
190355084
190432865
190593271
190639615
190744177
190812177
190892740
190918896
190982990
191097240
191153834
191168677
191186365
191249396
191372209
191412490
191510521
191656271
191706302
191781240
191821459
191923396
191957271
192003677
192180615
192214271
192272709
192346521
192424990
192547834
192565521
192684459
192753302
192805427
192870959
193009552
193077021
193330021
193524521
193534021
193547677
193559302
193598115
193609240
193618896
193630677
193638302
193688896
193695021
193782365
193871052
193991865
194092115
194131990
194166802
194277709
194330302
194657677
194768521
194848490
194919521
195008584
195112365
195213084
195277459
195314927
195501021
195608271
195675146
195741896
196002677
196017740
196130521
196387115
196625271
196972927
197499427
198272459
198518302
198632084
199515459
199692334
201203896
201757177
203251802
203547021
204226896
204312146
204715865
204904302
205121459
205230802
205465865
205660209
205792146
205959990
206123365
206719271
206816459
206892865
207571584
207734802
207843802
207938521
208190677
208288552
208400990
208642427
209222865
209311834
209366865
209392521
209430552
209449240
209460209
209509490
209548709
209601896
209639896
209672459
209686552
209962740
209985021
210056365
210144084
210240834
210338052
210370802
210419552
210476615
210526865
210536834
210588521
210660740
210749959
210768021
210835146
210896959
210909302
211029584
211070209
211105365
211191896
211245209
211505646
211636584
211716240
211933677
212039334
212147490
212199677
212221677
212299802
212339677
212359302
212368084
212387771
212396584
212433146
212444240
212469334
212482771
212501584
212562584
212585771
212640646
212662615
212703896
212715927
212816959
212869177
212957646
212987709
213061771
213128802
213262115
213289615
213311927
213334896
213374615
213393021
213404302
213469365
213481615
213498677
213517365
213591052
213671021
213716584
213790896
213811677
213829959
213886084
213991052
214143927
214548084
214626927
214629146
214634084
214652615
214701271
214903177
215036052
215308459
215542427
215750552
216042146
216114584
216174771
216264802
216306709
216317427
216433115
217210177
217300740
217490115
217652240
217759834
217828209
217883240
218359052
218618334
218677802
218943865
219292302
219431084
219558084
220018865
220354177
220429709
220520115
220581302
220582834
220798146
220826584
220948802
220986177
220994052
221015490
221038396
221175677
221238834
221355709
221598427
221699927
221728521
221739490
221823302
221876052
221895021
221919209
221951334
221965771
222065396
222076240
222136146
222158365
222277334
222346052
222437052
222606115
222624365
222706521
223176302
223340177
223678302
223855334
224038490
224349521
224501146
224667959
224825584
224890646
224901865
225022209
225054209
225125521
225145490
225166240
225179740
225260552
225325021
225498709
225621396
225793021
225855271
225868521
226410021
226488146
226707584
226834615
226839552
227002709
227028834
227074521
227139959
227215427
227251302
227304302
227656334
227827427
227835271
228006959
228051646
228154552
228503021
228648115
228730084
228832115
228990334
229278927
229401709
229482740
229835740
230000271
230022802
230050021
230085990
230295334
230457927
230470302
230492021
230511146
230519146
230532865
230614396
230649802
230676865
230752677
230873615
231079427
231151365
231253146
231268209
231327302
231342396
231370115
231377459
231399209
231415240
231428834
231451521
231459584
231480459
231554959
231613302
231657209
231671709
231704021
231727271
231736771
231791990
231811052
231824459
231835302
231886896
231917990
231981521
232043240
232090709
232103677
232115709
232202709
232247084
232357927
232370021
232404584
232427115
232491615
232632927
232742021
232839052
232922552
232990740
233390552
239576990
241225677
244512709
245723927
250405802
250466959
250546271
250714834
250805365
250850334
250936302
251361365
251472552
251763865
251828521
251994740
252229990
252720365
252787209
253051302
253202552
253281646
253396771
253434146
253554896
253705615
253827146
253969084
254067771
254118240
254227240
254309459
254364927
254405021
254491709
254707427
254776802
254805177
254865177
254966365
254999865
255043365
255083146
255099834
255121990
255274177
255382084
255430834
255534396
255599615
255615240
255743552
255814146
255860240
255976021
256044990
256205927
256319396
256401896
256497677
256757459
256837115
256913084
257076115
257240334
257380959
257429959
257500052
257574646
257668990
258556834
258661802
258918240
259119302
259192802
259400084
259576240
259771521
259911302
260002927
260073990
260153302
260233802
260412740
260466490
260557365
260622365
260946209
261046802
261122146
261203459
261400646
261575177
261698115
262051677
262127302
262553615
262764865
263098927
263309521
263395615
263637990
263683490
263832209
263853865
264073896
264175834
264253615
264385959
264456865
264557959
264674240
264799959
264927959
267826552
268074459
268270521
269665052
269842427
270212177
270707771
275462521
275715740
275862427
275973521
277916552
278031396
278138552
278403084
278557334
278682334
278771834
278825459
279105052
279279146
284235740
284409896
284571490
284701334
284828677
285021959
285518365
286182490
288509334
288593459
288716646
288878396
289197396
289280240
289407427
289535490
290690052
290919990
291078146
291268927
292087115
292204365
293826709
294192021
294745334
294915865
295079552
295183521
295288334
295454490
295554396
295743896
295801209
295831677
295878927
295959927
296033990
296044396
296180021
296265021
296314802
296371771
297696240
297925459
298430334
298889802
299107334
299205490
299299959
299696865
299901740
300000084
300062084
300139021
300248115
300310084
300424584
300558490
300619490
300706271
300814084
300892584
300973709
301080209
301134365
301191615
301210709
301236646
301284021
301332740
301375552
301418427
301518490
301546302
301584146
301651646
301738834
301966302
303746459
304305959
304536021
304661365
304782084
305074271
305396677
305554021
305749865
305907834
306324240
306777052
306890990
307106302
307186146
307442427
307509615
308192521
308389771
308457709
308561740
308657615
308826896
308979521
309183552
309464740
311936990
312199865
312637865
313119396
313672771
314107615
314581521
316451490
316662271
316848584
316915709
317206209
317296927
317385552
317747021
317852302
317927677
318258927
318560646
318852084
319122990
319294459
319374771
319455146
319591052
319767677
320034146
320114677
320214021
320263771
320315052
320396521
320424802
320460240
320472459
320576521
320610490
320739365
320857677
320989521
321262584
321329959
321490896
321570021
321619740
321696615
321763584
321855459
322139834
322295834
322393677
322854959
322938677
323152771
323282865
323487771
323670552
323769396
323825802
323884302
324089302
324120177
324152709
324164615
324222240
324314115
324381396
324467271
324486990
324536740
324594834
324640209
324709427
324801896
324814427
324881084
324955615
325023740
325058490
325124802
325143240
325210552
325258271
325298302
325358052
325387146
325447615
325499927
325546021
325616927
325712365
325783834
325830865
325888677
326074396
326280365
326376084
326428084
326496146
326525084
326570521
326623240
326662271
326694584
326712896
326805271
326834115
326860584
326936021
326977334
327072740
327126834
327245615
327287584
327334896
327420959
327543552
327561052
327600021
327853865
327881459
327929365
328002646
328023427
328087959
328131990
328190896
328234084
328329396
328356084
328362302
328386271
328394709
328408959
328436427
328470927
328526552
328551459
328581896
328611209
328626740
328633115
328662084
328712302
328739396
328827021
328870959
328930365
328984427
329004177
329110271
329119021
329215459
329230865
329252177
329260584
329313584
329328521
329407365
329420959
329470771
329533302
330600865
330614834
330674334
330699677
330724146
330758334
330825959
330950084
331002209
331033740
331151646
331195521
331211615
331275115
331398052
331424052
331479490
331529896
331585677
331593052
331650209
331685084
331714459
331770834
331981365
332061896
332142240
332214521
332409427
332508584
332667740
332748021
332848240
333042177
333146490
333246865
333344521
333474396
333711646
333824052
333937115
334048834
334121240
334206834
334310584
334395490
334479646
334564959
334694709
334931209
335017177
335057896
335252584
335285740
335453615
335539209
335699865
335790427
335916084
336217802
336293052
336582990
336844084
336947959
337742896
337930084
338022896
338053115
338066490
338072646
338126927
338174021
338232021
338341927
338426521
338490865
338606365
338718927
338765552
338826584
338954677
339082677
339171677
339376584
339512584
339893646
340140209
340236209
340368052
340474334
340733677
340965615
341097521
341242677
342145490
342357740
342463177
342768740
343101771
343274490
343362052
343480021
343589209
343672802
343798802
343929521
344017427
344121271
344163740
344177302
344737240
345088302
345201927
345422240
345729552
345933584
346015865
346130896
346316896
346510865
346581365
346722209
346782490
346792427
347026302
347056396
347110615
347227052
347269865
347334709
347690771
347774709
348253209
348598709
349266677
349393990
349759334
349834865
350153646
350165334
350201396
350499115
350622990
350914084
350986771
351076990
351217771
351292709
351445240
351545896
351834709
351965052
352052334
352210146
352603115
352695896
353189677
353984021
354336802
354410646
354706334
354819021
354857990
354909584
355001271
355029459
355099771
355131490
355446334
355505396
355607302
355662709
355869209
355915021
355965552
356015084
356252552
356334209
356576177
356663396
356857771
356913240
357187209
357324209
357398521
357449115
357494552
357577709
357680084
357829959
357971959
358481459
359708677
359752802
360711365
361129771
362445490
362488490
362911240
362968240
363063209
363126084
363201396
364627052
364790177
364969427
365095834
365489365
365593896
365723177
365818271
365899115
366009990
366150990
366704459
368192490
368917709
369203334
369613209
370113990
370132990
370189396
370827209
371066865
371169365
371573990
371652740
371789615
371976365
372044146
372783959
376554646
376648709
377029084
377090396
377171459
377506302
377868834
377961177
378110177
378235146
378362115
378483740
378592771
378680615
378952302
379030834
379202209
379383052
379414209
379483740
379642365
379700990
379814115
380014802
380109927
380253802
380280646
380302552
380383584
380473802
380660146
381036240
381136959
381246115
381414521
381485615
381706427
381740334
381796740
381809084
381852490
381877740
381984427
382346927
382542115
382604021
382896302
383014646
383365959
383406990
383565615
383643927
384479209
384717990
384781240
384920896
385062365
385382052
385432865
385779584
385936052
385978427
386106177
386193084
386282709
387070646
387162990
387358834
387434459
387696334
387829615
387876927
388283646
388328459
388404896
390070459
390078709
390832990
390881615
390974459
391046177
391173521
391247271
391407490
391532396
391775677
391823084
391858177
391892677
391941709
392118740
392232802
392365677
392486990
392742146
392795865
392860146
392907084
392924240
392976459
392994615
393071177
393149834
393202365
393304146
393466427
393544490
393632927
393660834
393723959
393834709
393913552
393974240
394226521
394524552
394628084
394731115
394779771
394831021
394938865
395029396
395103646
395160334
395289771
395425709
395440740
395538396
395589615
395681959
396033084
396075459
396230740
396285709
396320490
396419990
396507365
396548584
396615052
396658052
396700021
396754646
396790365
396915146
396941334
396961271
397007459
397110677
397258927
397289771
397346302
397399646
397514240
397651115
397729552
397814521
397849115
397878677
397933334
397987302
398020740
398129677
398157084
398198052
398236177
398353302
398448584
398468802
398486396
398541677
398577490
398758740
398826084
398850521
398895271
399000677
399081771
399128771
399223459
399257865
399277427
399291021
399338865
399451615
399495334
399524396
399539427
399555427
399608740
399627802
399644896
399751552
399797459
399855334
400008677
400118865
400199271
400258490
400335584
400395927
400570302
400907271
401157302
401651271
401797584
401962677
402054802
402139459
402177240
402241490
402284459
402335959
402519209
402727396
402837115
402945990
403085459
403291209
403351396
403402240
403424427
403482959
403525646
403653552
403706615
403739771
403751240
403773302
403822709
403858115
403891490
403962396
403972490
404016427
404042740
404066646
404184927
404199677
404209709
404233146
404345552
404377834
404389365
404412552
404492584
404543771
404572084
404634365
404661115
404672490
404692271
404843584
404869334
404879240
404890927
404904490
405046084
405087865
405194771
405318521
405401209
405417677
405448802
405513802
405688334
405836521
406249615
406401959
406490209
406779584
408275021
408474459
408552927
408585927
408631302
408677802
408734740
408758802
408769490
408837240
408939709
408948677
408993052
409065959
409092334
409171865
409199959
409261115
409270365
409310865
409516302
409538959
409546552
409597396
409651959
409723834
409854302
409973927
410076302
410176490
410210302
410401490
410827615
411086209
411096865
411148865
411226740
411399334
411479115
411545052
411655521
411666302
411744521
411753427
411820084
411924021
412046865
412103646
412114959
412155646
412193240
412205334
412328365
412376802
412408677
412540927
412608646
412635021
412696271
412816552
412920896
412982740
413038084
413079209
413158490
413198052
413233365
413295896
413396677
413470427
413580115
413689802
413743271
413922584
414026177
414134021
414310802
414320427
414418240
414425771
414459896
414512365
414529084
414561427
414916834
416533052
416554990
416574677
418600802
418679927
418737865
418758709
418805271
418821459
418884084
418905115
418952677
419116084
419144584
421023209
421111302
421549146
421719834
421927302
422051802
422166646
422359396
422416115
422553052
422598896
422638302
422737521
422993990
423448334
423646427
424349459
424649896
425098052
425307084
425999584
426631396
426700646
426842490
426953646
426999177
427267959
427336990
427377302
427587584
427648177
427814521
428110396
428164427
428205459
428477584
428762959
428907021
429008084
429132740
429234709
429530990
429638677
430152802
430208209
430294021
430325834
430340146
430367271
430433834
430470021
430577177
430916302
431718490
432397521
432551552
432613959
432692927
432807677
432921146
433008490
433082427
433160052
433248740
433426646
433475802
434084990
434217084
434831240
435037865
435581865
437330146
437388740
437653709
438036021
438183959
438409115
438876146
440620834
441027927
441299959
442209271
442288896
442379677
442523771
442554802
442758615
442867677
442918865
443056177
443087927
443114927
443148896
443236177
443277677
443289334
443312115
443346177
443423896
443473240
443488490
443508740
443745584
443810896
443819990
443834146
443983802
444029802
444050459
444088865
444113959
444158365
444191865
444262334
444301209
444357271
444400677
444524115
444574834
444762802
444991584
445558677
445707552
445891959
446016427
446188990
447065584
452896740
452925365
453037740
453123990
453168646
453369959
454517646
454572146
454861865
455036677
459322990
459931271
460439552
461051459
461374677
462488709
462578896
462666115
462755552
462879177
463086552
463255896
463441115
463634802
463723021
463982865
464203177
464597490
464692146
464861271
465276834
465381709
465710177
466183271
466375740
466504959
466863834
467131584
467610584
467712334
467818490
467979896
468037615
468200146
468465365
468733990
468833334
469041646
469200021
469388365
469463959
469601177
469699021
469964146
470059490
470188677
470301396
470400990
470600302
470630959
470691459
470797021
470864084
471010552
471054896
471130459
471169677
471262615
471397802
471469052
471527302
471583427
471653959
471766990
471876302
471972740
472089396
472226052
472291084
472344084
472404927
472480490
472564052
472633709
472740302
472885427
472978990
473099802
473336084
473411302
473785021
474075084
474890334
475278990
475536209
475600334
475688584
475923521
475988365
476100396
476338209
476370209
476638990
476806365
477003802
477128677
477165177
477225209
477414084
477490615
477577990
477620990
478027615
478173771
478250771
478378365
478593959
478634146
478692896
478814459
478838177
478886021
478986365
479035396
479233896
479382927
479426240
479462490
479485771
479553240
479578021
479662990
479682365
479845552
480230802
480510115
480580302
480629459
480681240
480972459
481060615
481138927
481281396
481376771
481549115
481701115
481734959
481741740
481782084
481900959
481970302
482028459
482078021
482114146
482220427
482235771
482295146
482312240
482377552
482421365
482633052
482914459
482964521
483000334
483024459
483064490
483102740
483209302
483273552
483302709
483311302
483387052
483456802
483484896
483513052
483520834
483529115
483557615
483603271
483717646
483739615
483913677
483924365
484073021
484145459
484228834
484244146
484317302
484334365
484360396
484397209
484463865
484490396
484510240
484627427
484735021
484981365
485007396
485078709
485096334
485127209
489770834
489953521
490052615
490107740
490233459
490613115
490761584
490852177
491036209
491118146
491132834
491288021
491378834
491490021
491545990
491719865
491991396
492057209
492142177
492315677
493135365
493606740
493817334
494034334
494527271
494608427
494802834
495984021
496239990
497352521
497775240
498250521
498360146
499713021
500074271
500895177
501026552
501124646
501262396
501365927
501454146
501512677
501620709
501708927
501754021
501822740
501909021
502037052
502083271
502105865
502127271
502172834
502320365
502413177
502467396
502534490
502586334
502635552
502683677
502807177
503184146
503343896
503489177
503633427
503702896
503805646
504018896
504116834
504163552
504257209
504486052
504541709
504768209
504929771
505168146
505258615
505319646
505389990
505572084
505668740
505934615
505960959
506002396
506071177
506106896
506171334
506621365
506698740
506868959
507022052
507232677
507313521
507368115
507701209
508293334
508582646
508631865
508709584
508789084
508848146
509437427
509599584
509668834
509865927
509924146
509983709
510431615
510545240
510723115
510826677
510888021
511026740
511163490
511275271
511352021
511523427
511578896
511608521
511677959
511889427
511959209
512009084
512092177
512399334
512580865
512656209
512837365
512893396
512922490
512954802
513016052
513081365
513141771
513217865
513236302
513288990
513385490
513446427
513550740
513561802
513582240
513598584
513608615
513729302
513814334
513871615
513900552
513957427
513994146
514067084
514148177
514161552
514228896
514280240
514375021
514413115
514456334
514491927
514558365
514765271
514900177
514982521
515032615
515092834
515195959
515252959
515343459
515394521
515435271
515532459
515577084
515630209
515758084
519446177
525438584
526791584
527412771
527545615
527639209
527704209
527760677
527805552
527927615
527973177
528100490
528180990
528401865
528491990
528561834
528779021
528832521
528959115
529003834
529077209
529117740
529251146
529303740
529350771
529447365
529495084
529555646
529640677
529700865
529743802
529779709
529885740
530028115
530141896
531627052
533100709
533987490
535121646
535969865
536359052
536762521
537015427
537175240
537290365
537555615
537604490
537813115
537933865
538142896
538316177
538464240
538629302
538690396
538719927
538806490
538845521
538869240
538922271
538973177
539029021
539074552
539119209
539202865
539229459
539254927
539342209
539416834
539442365
539477521
539555521
539660334
539710740
539722271
539749459
539779490
539795052
539838896
539867427
539922271
539963459
539975459
540019990
540049740
540060084
540094959
540158302
540175396
540240584
540254396
540303521
540314927
540328896
540346177
540381615
540443990
540531177
540599646
540702677
540841084
540944240
541058865
541080427
541093177
541119677
541177240
541229365
541268552
541289959
541360927
541392365
541442365
541508677
541566959
541595177
541642834
541693802
541776927
541786990
541812396
541819552
541849021
541909552
541992271
542191427
542260552
542321427
542344709
542407396
542690365
542779427
542866302
543009365
543066240
543102615
543132896
543167240
543184927
543295084
543320834
543339677
543379146
543446740
543493896
543554552
543660521
543714271
543727177
543881177
544098084
544112740
544120552
544207709
544221396
544246427
544401677
544454177
544501240
544559084
544585865
544591834
544630365
544738115
544794959
544817146
544880896
544894552
544922177
545034521
545066896
545303146
545334334
545403584
545514771
545524365
545594302
545622990
545670240
545726396
545798959
546003771
546268927
546285865
546481490
546689459
546723521
546767709
546794552
546855427
546867177
546937459
547002990
547099740
547821334
547994959
548461990
548595677
548693115
548836927
549073459
549145990
549252990
549443459
549557052
549723490
549935615
550311959
550380396
551282834
551374521
551526521
551732521
551967802
552258146
552379740
552428834
552633896
552759584
552815146
552912302
552941334
553208959
553464771
553632115
554163552
554251240
554313740
554451771
554520740
554542396
554626209
554895615
555069052
555121021
555168115
555251334
555294396
555429240
555488709
555520740
555568490
555668771
555744521
555845584
555998271
556078240
556144021
556252646
556428334
556867959
556976490
557079021
557173865
557267302
557408115
557551490
557650271
558760802
558887240
559221865
559551834
559637209
559812146
560078740
560353334
560444021
560615177
560727115
561117209
561629427
561826021
561857771
562034240
562699709
563556584
563935865
565707271
566428646
566587052
566833146
566964771
567098021
567221240
567358771
567659740
567752146
567833084
567938177
568169771
568589740
568849677
568930365
569089521
569166834
569258209
569320396
569375302
569738334
569819396
570322427
570360427
570574177
570606427
570672115
570714584
570840427
570897459
570995334
571104302
571187896
571231709
571303709
571383365
571516802
571564740
571697646
571823677
571921959
571983896
572133021
572225271
572292052
572451740
572527084
572631271
572743584
572867396
572887771
572974990
573073365
573148802
573288052
573306959
573329271
573368709
573405146
573477459
573762302
573816271
573832896
573860396
573899334
573965334
574030365
574111052
574184865
574233521
574320834
574419115
574516834
574565834
574604959
574654896
574727302
574794459
574842740
574967959
575029365
575044834
575148959
575209927
575287584
575366709
575453427
575517084
575647490
575790521
575825334
575905990
575947302
576006052
576038459
576145240
576197927
576468146
576563615
576630146
576782990
576862677
576915115
577039302
577092740
577267177
577707271
577858396
578022240
579092521
579764927
581369427
581862959
582406427
582750302
585552021
585926365
587499146
588039834
588233834
588363709
588536146
588730802
588893240
589105334
589251490
589389927
589625802
589891490
590327365
590563927
590728834
590952240
591062927
591190177
591537427
591750990
591881740
591938177
591977271
592071365
592133115
592208959
592316771
592412990
592436084
592493709
592575146
592654490
592764334
592959021
593089271
593316709
593644677
593738427
593816771
593874146
593986740
594203709
594415427
594452802
594508490
594564927
594585802
594619459
594680896
594745552
594791209
594904521
594945396
594960459
595047521
595123084
595219802
595529146
595781240
595861709
595926084
596071084
596191865
596333896
596467802
596542052
596612052
596669709
596762771
596867177
596904709
596947896
596989865
597115834
597192896
597296365
597505990
597594146
597657302
597755021
597852459
597929584
598157365
598204396
598429521
598472177
598548396
598748990
598829521
598971177
599099396
599157521
599202771
599349146
599503552
599540334
599655896
599706740
599772052
599827459
599873927
599915490
599985615
600026115
600268021
600336302
600367927
600403740
600461615
600498709
600507896
600550521
600664084
600722365
600754021
600791740
600864365
600996677
601040021
601069490
601081552
601137396
601147052
601168740
601178396
601232427
601257990
601279084
601307084
601326677
601371177
601395146
601438834
601468115
601484865
601497427
601543115
601605865
601611865
601716240
601741802
601803802
601851302
602067865
602206240
602228052
602241615
602255177
602282802
602324521
602350302
602650584
602734240
602779521
602880584
602910802
603114240
603152927
603240021
603377021
603502052
603603990
603740021
604028959
604079896
604183302
604329521
604657021
604693021
604804271
604892865
604923084
604933834
605035240
605062427
605087334
605104052
605166021
605360209
605383490
605485115
605542365
605612927
606005302
608033334
608247552
608625584
609149459
609797521
609909334
610780584
611088052
611150802
611405584
611548584
611664490
611777240
611899334
612199927
612307365
612348084
612391802
612443740
612493209
612583709
612595865
612657896
612729646
612758959
612824490
612918646
613004552
613179459
613288521
613634365
614117396
614812052
615039552
615092615
615167677
615456490
615835146
617065677
617888740
618791427
619433521
619632084
619804490
619874990
619918209
620004709
620017677
620177834
620239271
620324927
620575115
620688834
621045490
621101959
621536302
621735615
622180865
622287896
622443865
622569771
622805615
623129771
623379115
623656677
623813802
623886271
624081334
624178771
624287834
624338646
624477865
624585490
624620802
624698615
624915334
625052865
625124865
625182927
625484521
625616052
625833740
626300865
626455334
626587490
626915302
627043709
627235740
627315740
627413052
627478709
627647865
628005990
628063771
628171552
628225271
628514021
628604021
628708209
628803552
629026302
629284396
629461334
629556209
629646209
629774177
629911959
630065084
630224740
630337021
630571646
630824865
630941771
631032177
631244584
631424115
631698177
631742052
631783521
631965615
632111115
632290615
632347584
632409052
632503521
632684709
632833334
633103740
633129896
633228990
633527052
633663146
633756021
633813427
633952365
634093865
634129959
634161365
634181709
634211646
634336677
634371521
634575490
634632646
634717865
634745427
634842459
635009177
635090177
635238584
635318334
635360427
635437896
635647021
635740021
635814584
635949334
636001302
636071927
636271865
636385052
636443177
636496552
637393677
637526302
638289271
638623334
638758959
638796834
638974677
639036865
639074552
639145021
639158240
639272677
639324709
639345459
639379334
639470896
639556834
639588615
639644240
639664052
639681990
639710302
639816240
639860084
639899646
640032459
640187427
640777646
640910584
641071740
641161240
641221052
641431584
641495834
641611646
641656396
641673646
641716302
641760709
641803021
642039740
642129771
642251084
642362584
642401146
642430146
642480959
642578834
642597584
642642459
642670802
642709709
642775959
642825052
642865677
642909427
642916052
642969990
643013146
643085927
643173771
643187334
643202365
643227365
643287896
643451740
643534927
643552865
643598646
643616146
643633052
643663771
643699459
643826302
643916271
643929552
643935740
643949177
643961146
644001709
644008177
644019021
644057302
644066834
644090177
644116959
644135771
644259427
644271490
644381177
644436459
644536521
644602052
644658709
644990334
646646115
648500521
649013209
649230459
649287240
649415646
649518271
650030334
650077740
650320552
650539677
650719521
650913802
651018115
651115240
651147021
651369365
651495302
651638052
651702802
651766459
651812959
652000646
652065365
652137552
652389021
652433209
652508802
652564271
652618490
653001927
653441490
653533052
653751365
654183115
654438646
654933521
655142365
655222209
655325990
655408052
655482646
655835584
655931584
656226240
656496771
656643240
656751896
657183896
657359084
657431115
657453271
657574959
657614740
657719459
657807240
657985209
658096334
658243490
658356365
658496771
658589709
659224896
659390834
659506146
659663584
660102021
660275084
660870490
661020584
661215115
661321459
661594396
661853927
661944052
662166271
662195302
662256271
662342209
662443052
662494115
662616552
662690709
663102552
663397209
663707396
664017959
664068177
664153490
664198084
664329177
664391146
664535865
664590959
664652552
664781365
664869427
665316677
665576427
665650115
665768052
666386459
666615615
666661677
666712365
666749677
666808896
666826490
666854209
666960396
667018584
667117146
667182552
667461021
667691084
667779771
667838896
667960490
668037646
668168740
668212865
668391896
668629084
669135365
669257115
669511177
670413459
670822584
671132709
673023927
673161365
673229490
674592677
675177521
676018146
676343646
677774052
678659302
678887240
679650771
679816990
679992709
680365834
680667927
681245896
681685115
681795396
681889302
682066052
682167365
682246709
682291427
682394709
682455552
682576990
682637427
682788802
683462709
683569365
683746615
684133021
684351365
684402709
684625052
684686021
685178584
685287521
685422896
685489052
685577052
685695365
685754052
685874334
686242552
686374959
686546146
686746427
686817677
686889552
687073677
687460552
687514521
687691240
687761490
687858177
687944396
688168740
688324177
688657052
688732552
688871802
688945677
689135052
689355959
689519021
689598396
689783521
689843052
689909834
690044427
690126365
690185146
690507084
690812802
690897334
690993459
691149552
691303771
691428959
691560427
691704115
691759865
691818677
691874365
691935959
692092584
692120740
692133959
692152740
692186334
692219865
692249615
692272115
692288927
692398021
692421865
692560615
692585646
692610927
692802990
692908052
692936521
693046115
693091209
693154021
693254677
693314552
693852677
694077021
694229084
694410740
694532396
694672209
694746302
694774146
694815927
694878740
694918177
694948834
695159396
695332427
695390177
695507896
695536146
695573896
695690302
695763521
695855802
695863896
695938427
695990240
696814802
703911990
704238084
704344052
704547365
704663146
705245771
706977334
707316084
708062771
708569427
708804396
708871146
709095584
709317459
709426552
709996052
713618240
713905896
714335365
714659990
714764896
714976240
715394084
715858771
716172052
716270521
716477677
716904834
717169896
717425802
717532334
717681677
717868427
718025177
718328552
718432927
718513052
718826771
719218740
719332896
719545927
719602896
719678052
719786459
719922396
719972052
720136802
720286084
720495990
720702396
720809959
721255146
721402896
721471427
721757302
721992146
722034552
722115396
722211021
722297615
722440834
722518896
722667334
722748521
722859802
722938552
722990677
723041084
723110740
723194615
723226365
723309677
723354959
723482115
723549771
723761646
723907990
723953209
724045490
724191459
724234396
724300521
724357771
724444459
724514115
724568396
724590802
724616334
724842552
724850740
724865677
724888459
724916240
724977959
725068021
725086959
725104490
725137459
725181959
725229459
725363677
725548677
725745709
725916709
726110052
726326271
726603021
726684990
726781302
726817615
726874334
726923615
726960740
727010240
727157365
727306084
727416646
733594990
734031146
734135771
734407896
734604646
734734021
734914365
735098584
735165334
735225490
735254490
735285052
735331740
735352740
735548021
735574490
735669427
735682459
735711490
735737334
735805490
735853740
735892084
735985615
736052177
736076771
736173021
736216146
736270990
736434052
736569802
736615271
736687927
736739146
736779865
736939240
736965677
737038709
737061490
737117584
737153521
737191646
737225709
737268084
737282302
737368646
737387365
737408146
737439646
737521646
737559240
737600990
737631709
737673334
737684771
737721521
737760927
737908021
738111302
738215959
738274396
738322271
738345115
738448834
738499959
738549990
738591146
738653771
738909115
738983209
739128990
739139646
739165677
739253177
739290959
739316865
739374927
739447896
739496177
739536802
739565552
739609146
739620021
739650490
739678709
739696584
739714459
739801021
739814834
739823021
739886146
739947959
739972021
740023302
740081709
740118959
740147177
740153990
740218177
740316740
740325021
740337177
740393427
740419552
740497240
740521990
740592302
740627146
740727240
740771365
740819677
740856552
740918052
740939552
740954552
740967802
741023396
741063459
741128677
741149146
741965427
742073896
742262615
745475302
745522396
745654927
745818209
745920896
745987521
746111709
747061177
747611146
747708552
748321021
748579084
748708552
748837834
748932615
749107271
749187552
749277240
749538209
749721021
750004646
750267552
750553834
750850365
750964115
751578084
751942677
752165052
752412677
752729959
752830959
752959490
753341021
753943834
754556677
754614584
754659240
754732990
754838209
754973021
755047834
755182084
755238271
755455084
755726396
755877084
756007459
756184709
756338615
756566959
756661677
756757802
756873990
756954146
757153646
757235865
757308459
757395177
757457990
757762459
757896834
758034896
758887427
759010865
759158927
759211334
761117240
761187146
761287740
761361709
761465146
761569209
761636365
761802177
761990802
762181240
762266740
762321240
762552521
762699146
762958490
763030677
763242771
763280365
763565615
763859990
763926834
764103302
764234334
764474240
764543084
764818740
764859677
764954084
765089959
765169584
765339365
765413740
765511896
765560990
765602427
765657021
765742927
765803709
765846771
765933521
766020146
766107552
766126084
766155959
766187584
766312427
766366177
766472521
766545084
766693084
766762209
766803865
766842834
766935240
767000771
767078052
767217240
767350302
767407084
767555271
767627990
767697084
767834146
767920959
768047771
768131021
768185240
768236240
768331240
768452802
768515990
768669584
768758490
768966584
769199896
769370209
769425177
769521084
769571334
769610615
769730584
769981427
770220459
770269771
770400896
770427334
770440552
770477521
770619490
770627615
770665396
770703459
770832927
771124771
773628521
774310302
774452459
775084834
785587896
786062927
786349802
786821584
787784177
788077990
788433896
788553334
789100771
789154521
789218271
789244677
789566396
789733927
789863427
789952459
790475615
791203146
791279990
791293959
791382396
791419146
791485740
791592896
791688271
791840271
791865552
791897365
791927396
791999302
792086677
792226396
792244146
792317834
792345771
792394365
792445677
792480302
792519740
792549709
792563490
792608146
792634396
792677302
792743896
792867365
792898896
793000990
793009459
793048459
793069959
793097115
793118740
793127334
793141990
793149021
793193584
793273927
793396240
793439396
793485052
793644865
793706709
793716834
793729209
793738646
793857990
793893021
793942740
794045115
794076115
794147740
794240709
794340334
794381490
794431302
794458834
794496677
794522146
794540865
794597677
794694959
794821396
794886334
795073677
795152052
795296115
795393802
795415646
795472302
795506552
795652709
796919084
797648021
798537802
799684427
800051740
800168771
800491709
803580146
804477865
805373209
805600521
805681896
805759052
805900115
806181584
806274240
806355896
806551302
806627959
806691334
806775802
806936552
807135677
807222177
807365865
807503490
807605990
807690552
808109084
808243802
808438334
808604490
808864177
808897209
809011990
809319802
809467240
809533365
809566084
809692271
809723834
809841365
810013521
810103084
811130334
811205615
811434990
812081271
812757052
812832677
813111927
813852677
814612646
814918302
815023052
815142959
815454459
815596834
815765802
816379615
816958427
817339990
817555459
817916646
818024927
818089646
818258427
818505959
818653959
818759990
818829334
819032521
819127959
819190146
819260177
819314365
819360084
819427271
819567740
819611740
819721365
819901990
820000927
820097052
820408709
820574209
820656209
820851021
820905209
820959646
821017365
821197240
821360615
821442834
821506709
821625521
821713896
821903084
822178896
822261084
822405521
822721709
822807365
822962834
823112177
823937334
824003427
824209865
824290177
824474990
824633334
824713052
824779334
824843115
824950240
825047271
825314052
825392459
825516521
825902146
825966365
825976209
826058365
827002209
827625427
828070990
828368771
829132677
829755459
829876209
831398521
831750115
831829896
832602552
833479459
833860865
835091959
836936427
837631646
837684052
837769209
837857646
838023365
838124990
838176521
838230209
838336834
838580084
838656990
838714834
838922990
838957865
839036865
839171459
839209959
839269959
839309115
839352646
839386990
839420990
839465896
839510521
839672052
839830584
839915802
840660427
840734084
841032490
841310490
841508740
841645459
842067084
842180209
842402771
842637177
842865709
842953677
843174240
843306834
843431709
843609740
844017052
844108240
844195052
844340646
844404115
844497146
844689052
844753740
844834490
846357552
847240209
847367490
848420115
849461209
850159677
850693615
850805240
851663490
853156646
853404021
853966146
854170896
854535896
854735271
854779115
854900240
855157896
855257146
855836052
856062865
856152146
856310396
856425302
856585459
856656896
856845177
856901740
857202677
857290209
857529990
857583146
857630615
857903459
858079896
858213646
858462990
858735896
858873084
858994521
859122615
859262646
859322927
859373334
859412365
859465959
859540771
859632115
859684396
859819927
859888896
860041271
860118615
860195615
860290709
860521115
860977427
861910084
862364302
862683084
862790302
862960177
863430646
863480396
863532396
863596084
863742646
863785365
863831646
863867271
863914959
863949459
864159365
864209584
864258302
864316615
864362459
864405115
864494990
864583427
864603740
864830802
864884146
864961896
865076584
865125646
865159740
865290115
865334802
865378115
865404302
865451646
865488896
865523271
865607302
865677834
865691271
865800302
865854896
865928209
866053052
866085396
866232677
866280240
866340771
866389490
866402490
866436240
866531584
866744459
866784646
866865771
866966490
867169240
870494396
871501365
872588709
872667865
872731177
872837209
873154740
873291302
873404740
873850427
873961802
874069427
874311521
874374990
874474771
874562209
874663990
874750677
874937177
875161271
875473771
875576209
875825771
875986521
876024052
876046396
876056927
876180927
876283709
876790615
876897302
877286459
877586052
877708927
877981365
878105521
878311115
878400334
878513646
878581646
878782959
878849584
878934771
879044927
879247490
879315146
879422646
879529834
879601396
879769240
879872490
879967959
880037271
880148677
880299146
880366271
880448709
880592896
880853021
881317271
881442115
881609052
881705740
881766646
882213427
882443365
882540490
882825052
882931052
883337459
883462552
883523365
883684771
883785177
883946990
883985834
884035334
884170396
884388521
884673552
884745146
884784396
884801740
884905584
884935084
884977365
885006865
885016115
885022865
885128459
885154927
885221709
885423802
886866271
886877271
886890709
886915927
886969177
887058396
887194802
887252177
887270334
887292115
887312771
887349302
887357896
887438302
887453709
887478396
887537459
887586396
887708615
887862146
888083584
888189552
888247584
888378865
888413490
888456396
888570052
888669365
888728802
888758177
889010896
889220677
889349334
889492177
889503896
889567740
889636396
889707302
889744771
889841896
889913271
889942615
890045209
890056302
890083834
890332521
890469709
890533771
890569615
890587240
890605959
890627115
890649552
890665990
890716927
890788240
890803271
890945365
890985802
891148177
891201896
892127896
892369771
892419740
892450459
892489584
892534052
892546146
892646802
892753146
892846052
892906990
892976490
893102709
893183146
893308490
893341521
893387396
893437834
893604521
893634365
893651302
893673552
893685552
893796959
893909052
893947115
893978865
894049959
894086490
894122084
894186521
894309521
894421615
894464302
894478084
894709584
895030146
895127396
895226834
895357740
895487771
895496771
895557334
895666209
895778521
896056365
896073990
896086552
896097302
896108521
896255709
896372802
896524677
896544365
896551552
896563021
896813959
896846177
896866084
896919552
897195834
897228334
897434646
897907302
897990115
898257084
898717396
898928146
899121802
899310896
899637615
899739552
899843990
899884240
899892740
899997427
900025334
900041990
900060584
900157677
900170052
900231990
900332427
900344552
900395615
900422146
900454927
900526646
900623740
900641240
900663146
900714427
900757802
900902302
901251584
901265084
901666052
901695302
901836552
901891115
901963584
902157771
902279427
902567084
902578240
902663802
902703021
902900552
903012521
903066521
903116427
903147959
903193896
903328115
903425927
903677865
903797177
903944740
904002771
904440334
904554427
904629177
904733084
904908271
905025021
905247990
905501521
905578209
905736459
905782396
905905115
906045302
906061365
906095677
906219209
906345396
906453396
906470334
906528146
906557209
906595427
906676302
906746865
907426927
907505865
907611052
907686771
908084021
908267490
908408771
908933052
908993552
909058552
909456084
909831146
910135709
910204802
910387240
910429771
910693959
910796396
910856771
911219896
912428490
913992427
914432615
914506021
917171490
917778146
917909990
922263396
922675521
922916552
923045021
923177896
923458521
923545271
923674459
923940271
924215177
924708490
925020177
925260865
926398396
926496021
926710490
926888365
929507334
930250146
931103334
931383646
932060084
932232021
932727646
932813646
933878334
934001240
934086490
934577302
935162271
935318021
935377990
935444552
935569052
935605646
935627240
935654677
935684365
935780459
935810552
935861677
935874521
935953052
936045646
936091240
936249115
936281709
936340427
936540365
936606646
936682802
936726552
936747959
936847990
936885677
936918552
936972927
936998146
937094896
937241115
937296459
937517927
937706021
937844052
937862521
937888959
937938959
938028834
938100771
938691959
939265677
939491334
939535021
939749490
939799021
939914052
939948834
940032271
940094677
940451115
940721334
940981365
941042209
941135615
941201615
941302146
941361427
941441927
941605677
941633240
941727146
941743021
941923459
942000959
942084021
942216709
942513240
942671771
942687146
942756896
942923115
943015396
943074177
943280959
943503177
943662677
943706584
943779271
943945271
944017427
944126927
944215615
944273271
944389927
944439115
944608584
944673177
944934459
945564271
946061709
946322771
946548709
946860927
946993802
947072084
947571302
947914084
948635677
948889115
949060240
949808865
950044146
950138334
950288302
950359959
950428271
950730115
951107334
951634427
951951302
952136209
952272959
952367396
952425896
952764396
952945552
953025677
953247834
953355615
953406271
953512896
953530459
953618084
953793615
954141334
954246490
954297615
954467521
954474490
954577771
954701115
954832990
954881990
954883552
955102302
955401646
955608740
955823396
956010177
956641427
956853177
957702459
958332584
959064240
959237646
959320240
959376834
959730709
959788459
959844740
960067896
960202240
960360490
960406677
960510709
960566209
960580240
960761927
960815209
960909677
960979615
961074396
961202334
961730677
962003834
962062552
962395021
962514459
962534396
962642740
963135334
964269396
965365240
965638302
965810177
965993584
967210302
967275552
967427802
967578584
967629146
967811052
967902459
968118427
968224490
968261177
968318959
968486709
968663271
968761615
968826521
969024490
969067490
969113740
969200271
969271209
969335552
969450959
969671302
969826334
969883240
969946927
970004396
970060615
970110521
970168334
970227459
970334052
970407865
970658615
971104584
971648052
971924990
972457896
973187396
973377740
973497396
973577459
973670646
974258084
974346521
974530865
974881115
974992052
975249959
975417302
975755990
975817177
975864209
975951865
976012552
976959302
977301240
977413459
977749615
977845834
978096615
979166802
979310302
979428771
979524646
979717490
979780990
980205521
980270677
980378615
980556677
980826521
980920084
980987052
981108740
981269677
981329084
981427271
981656552
982065021
982164177
982576271
983563146
983756240
984122334
984221427
984544959
984676334
984847552
985693209
985794990
985940521
986639365
986966865
987677677
988870646
988994021
989257802
989440990
989941459
990082521
990148334
990196365
990326115
990500865
990569240
990673990
990715334
990813177
990892302
990961084
991034365
991120490
991188834
991282177
991376521
991448052
991606490
991852521
992248677
993415865
993727490
993868521
993940396
994065771
994257427
994339052
994438521
994688052
994735115
994814271
994906584
994936365
995240646
995309490
995341052
995407677
995456459
995520271
995568927
995577990
995669021
995775177
995873021
995988927
996109459
996238771
996285427
996341615
996508209
996660177
996910084
996976834
997021677
997072209
997100740
997236584
997284396
997344709
997404771
997460334
997721146
997834552
998023396
998105709
998240990
998292396
998342084
998376334
998451740
998485740
998588834
998664240
998891209
999130834
999223052
999286646
999401834
999819959
999834709
1000374771
1000427740
1000538209
1001037990
1001103177
1001152740
1001347959
1001926802
1002029490
1002194709
1002264552
1003553552
1003767146
1003933959
1003985084
1004066396
1004108146
1004408646
1004605209
1004671959
1004994834
1005128677
1005165271
1005339771
1005432740
1005473302
1005566990
1005615865
1005809302
1005849115
1006185271
1006236552
1006466021
1006531459
1006606646
1006649740
1006728021
1007496740
1007964177
1009694709
1009927584
1010004552
1010121427
1010179584
1010289334
1010342834
1010549240
1010566209
1010694865
1010801427
1010865459
1010995802
1011042334
1011073552
1011314802
1011407459
1011508802
1011637677
1011754115
1011781396
1011902146
1011994615
1012103334
1012363021
1012561677
1012730896
1012777646
1012821115
1012898177
1013022084
1013145802
1013169740
1013239396
1013289021
1013520209
1013947927
1014024334
1014458834
1014521271
1014704615
1014779115
1014862334
1014873271
1014946584
1014974240
1015134115
1015211209
1015264802
1015431459
1015663802
1015723646
1015936334
1016079302
1016101990
1016260990
1016373459
1016533084
1016696771
1016746490
1016785365
1016793896
1016839334
1016864021
1016932521
1016948552
1017244584
1017310709
1017391302
1017483209
1017553177
1017613271
1017701865
1017778271
1017833677
1017944834
1017957365
1017988052
1018012240
1018342927
1018397396
1018444677
1018525146
1018568740
1018603427
1018634552
1018737365
1018921459
1018972677
1018998927
1019092396
1019182802
1019216927
1019271584
1019289709
1019323802
1019423209
1019487771
1019532459
1019547240
1019599396
1019608177
1019626709
1019635177
1019674834
1019690615
1019827709
1019912302
1019975334
1020018615
1020037271
1020050771
1020059021
1020198896
1020234177
1020314146
1020365771
1020451990
1020560271
1020621084
1020922490
1021254834
1021440115
1021699834
1021924459
1022047240
1022077115
1022628927
1025164271
1025543490
1025736334
1025743396
1025847052
1025890802
1025971084
1025992115
1026225427
1026439834
1026559209
1026610802
1026621302
1026671365
1026805771
1026912927
1027116865
1027299646
1027323365
1027452584
1027490177
1027504052
1027526709
1027586646
1027609021
1027882927
1027915990
1028037490
1028090427
1028175896
1028308334
1028369459
1028544615
1028617865
1028688490
1029014521
1029034490
1029351240
1029570959
1029914084
1030181240
1031966209
1032331615
1032536802
1033061115
1033177302
1033204209
1033318990
1033403709
1033579709
1033726584
1033781209
1033823740
1033879521
1033990209
1034164896
1034393771
1034538490
1034695302
1034922990
1035256834
1035359396
1035737459
1035904365
1039367927
1039628802
1045828334
1046215802
1047567365
1047945552
1049584521
1049651990
1049876302
1050005615
1050085584
1050513052
1050876271
1050963646
1052910427
1053108052
1053192334
1053228615
1053285615
1053413771
1053433709
1053579615
1053751865
1053829615
1054060240
1054803334
1055125396
1055313740
1055545490
1055717365
1055867146
1056063084
1056411646
1056739115
1057013865
1057105896
1057178865
1057287521
1057398834
1057561959
1057637052
1057703302
1057814271
1058008709
1058204834
1058271490
1058351990
1058435927
1058514365
1058594459
1058764802
1058849396
1058884271
1059229177
1059352146
1059672365
1059812521
1059995459
1060775552
1060981646
1061490115
1061649771
1061859834
1061941427
1062034677
1062143490
1062396490
1062452427
1062489802
1062658521
1062803552
1062854271
1062918302
1063180302
1063391115
1063452834
1063667927
1063774115
1063820459
1063888990
1064001896
1064082396
1064155115
1064178521
1064221927
1064286959
1064306490
1064358052
1064415740
1064520646
1064826771
1065098865
1065147584
1065414146
1065499115
1065540896
1065628146
1065707896
1065957552
1066157459
1066239865
1066417396
1066579490
1066708771
1066877584
1067357521
1067439990
1067613552
1067641834
1067677990
1067757802
1067812271
1067939334
1067995146
1068132334
1068168302
1068243709
1068272427
1068444865
1068526240
1068582115
1068639927
1068933334
1068995021
1069134365
1069194146
1069310521
1069496459
1069587802
1069653646
1069698459
1069747240
1069792771
1069837959
1069899990
1069934521
1070031396
1070092677
1070191990
1070270677
1070319302
1070457709
1070504334
1070561365
1070679521
1070740865
1070774302
1070820396
1070939427
1070978084
1071033490
1071155865
1071191459
1071211834
1071359771
1071399334
1071515302
1071693865
1071801459
1071888802
1072094146
1072279334
1072526271
1072658052
1072841240
1072861521
1072904896
1072964709
1073034865
1073086334
1073167490
1073204052
1073375459
1073390146
1073636459
1073710615
1073737834
1073858146
1073901646
1073966490
1074135302
1074178396
1074206115
1074224271
1074295646
1074332490
1074389896
1074433396
1074459740
1074492709
1074517271
1074526521
1074538490
1074563927
1074708615
1074832052
1074892427
1074959021
1074996302
1075100052
1075109177
1075124302
1075325021
1076215177
1076425677
1076433177
1076486115
1076550490
1076574334
1076681802
1076692490
1076776490
1076823021
1076838271
1076903365
1077000427
1077065802
1077103865
1077136146
1077158771
1077227334
1077296365
1077308084
1077383865
1077420115
1077599271
1079019177
1083968365
1084755927
1085181021
1085250177
1085817709
1085943927
1086099115
1086181552
1086426052
1086613396
1086940177
1087052865
1087409084
1087713615
1088033490
1088080959
1088145334
1088330834
1088439927
1088514865
1088651459
1088752084
1088922177
1088997115
1089100021
1089170177
1089261177
1089759584
1089980427
1090148646
1090207115
1090337709
1090492271
1090528365
1090653709
1090722396
1090752990
1090840052
1090915365
1090959521
1091266740
1091341490
1091403615
1091527865
1091613552
1091701677
1091733927
1091764021
1091851240
1091893021
1091948052
1092048146
1092117646
1092209584
1092327521
1092408959
1092443240
1092458802
1092493584
1092597521
1092678084
1092709709
1092767927
1092810490
1093040209
1093125896
1093183959
1093207084
1093262740
1093263927
1093322802
1093363240
1093420771
1093487646
1093545927
1093585584
1093811052
1093839927
1093918896
1093965396
1094025052
1094136365
1094192209
1094208677
1094333584
1094601521
1094627677
1094720021
1094840802
1095103427
1095503927
1095631115
1095667146
1095686552
1095714959
1095740271
1095807677
1095930646
1096079865
1096121021
1096269240
1096358771
1096416177
1096519271
1096590209
1096622552
1096675021
1096704021
1096725459
1096958927
1097020834
1097221084
1097291302
1097367646
1097403115
1097455521
1097648646
1097688584
1097772177
1097829802
1097847209
1097895802
1097942990
1097991802
1098054709
1098140896
1098202896
1098374552
1098458615
1098495646
1098641677
1098713396
1098750115
1098768927
1098816865
1098865771
1098960396
1099031177
1099189052
1099259177
1099335459
1099460115
1099478240
1099508521
1099519865
1099558052
1099581802
1099592990
1099602427
1099658427
1099790521
1099808396
1099829209
1099898677
1099997771
1100118927
1100159427
1100169896
1100188240
1100378396
1100390584
1100573709
1100701896
1100751459
1100940240
1100958365
1100999115
1101011146
1101023521
1101084302
1101116990
1101197302
1101217084
1101374209
1101459396
1101568271
1101622865
1101885709
1101965334
1102070677
1102173552
1102215552
1102344459
1102375959
1102434271
1102511709
1102524834
1102591209
1102654615
1102850552
1102921552
1102960865
1103012990
1103049334
1103135896
1103179021
1103218802
1103250584
1103365990
1103418271
1103474990
1103562521
1103729427
1103931177
1104209209
1104353959
1104499177
1104619365
1104768271
1105006834
1105182896
1105322990
1105509177
1105575490
1105620302
1105680459
1105740834
1105896209
1105940927
1105998084
1106052802
1106074209
1106103646
1106124209
1106361177
1106392240
1106602302
1106670084
1106795677
1106843709
1107059646
1107313459
1107646615
1107792834
1107812959
1107852959
1107866834
1107903490
1107921365
1107947427
1107952490
1107987084
1107996646
1108047271
1108237052
1108265709
1108293021
1108372552
1108451990
1108478584
1108551490
1108580271
1108680677
1108718396
1108783209
1108926177
1108977802
1109001771
1109081240
1109141396
1109163177
1109166302
1109249646
1109263709
1109339896
1109352802
1109391709
1109480240
1109563584
1109584021
1109649802
1109676896
1109706709
1109746802
1109800427
1109861959
1109957459
1110151740
1110181115
1110401021
1110815240
1115845084
1118894115
1119134865
1119261302
1119954459
1120232584
1120406959
1120508771
1121209146
1121321459
1121406490
1121500677
1121567052
1121640302
1121723146
1121750334
1121866802
1121964646
1122190115
1122230271
1122265271
1122395677
1122455365
1122516209
1122841802
1122885427
1122981271
1123086802
1123131896
1123181302
1123338396
1123465834
1123546427
1123604365
1123725427
1123930209
1124019115
1124036334
1124314490
1124463334
1124673490
1124823177
1125215427
1125375459
1125484084
1125650709
1125752990
1125795896
1125902834
1125933615
1126183927
1126467740
1126522271
1126585990
1126662677
1126796584
1126832084
1126864115
1127069334
1127151052
1127317584
1127463802
1127577396
1127783334
1127871802
1127940177
1128014677
1128071146
1128332396
1128497896
1128580209
1128686896
1128779459
1128945927
1129310802
1129671802
1129952677
1130158146
1130399115
1130494677
1130661802
1130828990
1130946740
1131202834
1131331834
1131392584
1131476271
1131736177
1131787334
1131820802
1132065834
1132270927
1132380427
1132536115
1132658959
1133052865
1133340865
1133443615
1133865396
1134050990
1134102365
1134168709
1134330271
1134449896
1134550209
1134702084
1134749052
1135011865
1135102396
1135415521
1135531521
1135533896
1136157177
1136249802
1136360771
1136577740
1136728177
1136789240
1136846052
1137063146
1137282896
1137569365
1137875552
1138185490
1138363896
1138395240
1138517865
1138687646
1138776834
1138856771
1139240396
1139360146
1139445427
1139585552
1139697177
1139805865
1139858959
1140092740
1140443865
1140643396
1140735396
1141128209
1141280427
1141438865
1141485084
1141657802
1141863959
1141916490
1142412959
1142444459
1142570802
1142881084
1142907990
1142995334
1143111115
1143324709
1143614677
1143866834
1143924990
1144026271
1144453396
1145696521
1145832334
1146148990
1146426271
1146734709
1146832834
1146989490
1147073677
1147133927
1147181396
1147265240
1147480552
1148305052
1148424427
1148507490
1148829334
1149027021
1149539052
1149692552
1149740271
1149905427
1150039427
1150454740
1150894646
1151178302
1151391552
1151492552
1151725240
1152222646
1152317865
1153500427
1154549459
1155702052
1156096302
1156338021
1156384740
1156535521
1156608896
1156648146
1156756646
1156884802
1156924021
1157031740
1157318052
1157358396
1157376927
1157428709
1157487396
1157502552
1157522521
1157764677
1157794302
1158008459
1158233646
1158277021
1158411646
1158489709
1158950052
1158982459
1159120896
1159572615
1159735396
1159807146
1159893677
1159968209
1160457021
1160601459
1160696959
1160987802
1161108334
1161530990
1161597177
1161770146
1161833615
1161885084
1161994927
1162456896
1162567302
1162582146
1162603396
1162678365
1162752490
1162803084
1162814427
1162838771
1162980709
1163278584
1163312834
1163424740
1163560709
1163574302
1163651959
1163694240
1164006021
1164076896
1164182990
1164408615
1164941959
1165152115
1165194802
1165395927
1165693927
1165751021
1165901209
1165984615
1166316834
1166534709
1166634240
1166689084
1166769334
1167070740
1167100646
1167144209
1167279677
1167376021
1167491896
1167617584
1167651927
1167707552
1167744146
1167792084
1168229490
1169174271
1169422209
1169519052
1169707771
1170174177
1170356771
1170526334
1177945521
1178953052
1179775396
1182425365
1182817927
1188341084
1188930521
1191115552
1191686646
1191866959
1192307959
1193330115
1193542490
1194096146
1194217209
1195519146
1196243521
1196420927
1196589146
1196703365
1197629021
1198069771
1198874896
1200676740
1200771365
1201438646
1202399990
1205717271
1208441427
1208994990
1209051927
1209156021
1209470334
1209688240
1210393865
1210632021
1211905490
1212199927
1212743427
1213947865
1214661396
1214737396
1214982490
1215031802
1215206584
1215551802
1215623209
1215791334
1215876427
1215911115
1215933646
1216047771
1216163209
1216331334
1216437427
1216565740
1216586084
1216819521
1216927740
1217068177
1217123021
1217276990
1217463334
1217503927
1217745271
1217791490
1217812396
1217964927
1218041865
1218098646
1218362240
1218499896
1218926646
1219188584
1219335427
1219511584
1219741865
1219895459
1220269271
1220309084
1220330427
1220359896
1220450365
1220478584
1220561552
1220597271
1220706552
1220765427
1220806334
1220900646
1220993365
1221028584
1221157459
1221180615
1221272365
1221374271
1221437740
1221485740
1221504740
1221525677
1221657584
1221837115
1221850927
1221901521
1221949990
1222070209
1222096240
1222162115
1222199302
1222399709
1222425427
1222531427
1222570490
1222683490
1223039552
1223128490
1223177240
1223301990
1223328396
1223557552
1223693802
1223830271
1224347396
1225050209
1226883052
1227121677
1227370615
1227509990
1227603521
1227702209
1227827209
1227909209
1228187177
1228281677
1228594302
1228838709
1229161521
1229454990
1229944334
1230021677
1231903646
1232612865
1232717490
1232890709
1232926052
1232977052
1233146552
1233233552
1233279584
1233307052
1233735990
1233939646
1233992990
1234060459
1234331709
1234447365
1234506490
1234548677
1234894865
1234980646
1235049615
1235194646
1235267490
1235360552
1235421271
1235477521
1235678990
1235697177
1235805146
1236171834
1236218177
1236381490
1236444271
1236471177
1236510709
1236854146
1236877927
1237139021
1237175490
1237272615
1237623584
1238226802
1238289021
1238364302
1238401084
1238646615
1238694959
1238907865
1239176052
1239263302
1239530552
1239644240
1240805271
1241057427
1241133334
1241194959
1241638615
1241747240
1242181584
1242323927
1242698771
1243786396
1244208552
1244461459
1244602709
1245172771
1245282552
1245397365
1245843302
1246320490
1246539146
1246639521
1246671865
1246717427
1246760896
1246811240
1246865209
1246916771
1247007521
1247178271
1247248427
1247395552
1247488240
1247651365
1247792146
1248009427
1248185615
1248334896
1248417646
1248598740
1248729427
1248940334
1249042865
1249162334
1249393427
1249488740
1249746427
1249792365
1249836927
1249941677
1249943209
1250249084
1250313521
1250452084
1250590677
1250863490
1251123959
1251343490
1251509459
1251669896
1251788677
1251965709
1252129615
1252293521
1252713677
1253312802
1253800365
1253890990
1253969240
1254082271
1254127365
1254193646
1254369302
1254549615
1254640771
1254695084
1254790271
1254864552
1254940115
1254996427
1255094209
1255224959
1255276584
1255311427
1255398927
1255700490
1255948084
1256523552
1256701896
1256907771
1257030052
1257144990
1257184865
1257255427
1257325302
1257407365
1257634584
1257705865
1257886646
1257977021
1258063646
1258118427
1258344646
1258406209
1258492271
1258533271
1258689646
1258902052
1259219927
1259272959
1259367334
1259398521
1259623021
1260058396
1260329677
1260901115
1261892865
1262527990
1263431209
1263756427
1264564115
1264786615
1264952615
1265040771
1265345896
1265470490
1266593396
1267082896
1267215052
1267382334
1267733802
1267833771
1268012177
1268313209
1268459709
1268707271
1269146177
1269158959
1270259771
1270572334
1270992490
1271072459
1272517646
1272645584
1273611677
1274019865
1274294584
1274549459
1274665740
1274775740
1274888709
1275096677
1275149740
1275298771
1275711959
1275796990
1275833834
1275951146
1275990927
1276038521
1276133584
1276265865
1276299396
1276375865
1276467959
1276524115
1276663084
1276676802
1276753021
1276826209
1276960677
1277024896
1277238521
1277376740
1277438646
1277491552
1277608115
1277694802
1277765709
1277887552
1277937052
1278113021
1278270740
1278460052
1278662552
1278762209
1279259552
1279400709
1279487209
1279593490
1279797396
1279847959
1279922771
1279977646
1280034146
1280078209
1280253334
1280333552
1280370240
1280422146
1280448146
1280605834
1280642896
1280788927
1280843334
1280953677
1281058396
1281120209
1281217677
1281243490
1281357240
1281431427
1281492865
1281665646
1281893490
1282029302
1282152802
1282399584
1282678115
1282731271
1282813459
1283089865
1283327740
1283420021
1283572959
1283631334
1283701209
1284210927
1284308709
1284453771
1284500959
1284632584
1284714802
1284760052
1285025209
1285237459
1285316521
1286221584
1286414990
1286485677
1286674771
1286749427
1286785021
1286832490
1287410865
1287696146
1287872584
1288209177
1288295177
1288631709
1288664240
1288750115
1288839490
1288884834
1289098490
1289138052
1289156646
1289191115
1289254302
1289380771
1289620271
1289778834
1289888740
1290035271
1290135959
1290609865
1290726834
1290977240
1291027177
1291076584
1291118552
1291219146
1291248677
1291724959
1291820646
1291914584
1292010552
1292097677
1292838896
1293061240
1293225459
1293272615
1293389334
1293457677
1293570459
1293786802
1293857302
1293975271
1294143240
1294271365
1294374427
1294508646
1294786365
1294966177
1295033896
1295117740
1295264521
1295434615
1295517146
1295608396
1295674896
1295774146
1295850521
1295924459
1296511052
1296578677
1296660240
1296674521
1296839084
1297038240
1297185802
1297230896
1297254834
1297685615
1298013021
1298274552
1298319396
1298388021
1298581177
1298662615
1298792302
1298864177
1299013584
1300022927
1300254052
1300355677
1300738677
1300975490
1301271209
1301362521
1301461771
1301752552
1302023365
1302180709
1302705552
1302859334
1304661302
1305251271
1305535584
1305717427
1307509084
1307565427
1307784990
1307830177
1307941271
1308140084
1308188521
1308289990
1308338209
1308685396
1308748396
1308809084
1309211740
1309519427
1309615084
1309667052
1309735990
1309775584
1309971740
1310156334
1310244802
1310505896
1310521865
1310617615
1310659552
1310715677
1310799990
1310836677
1310885834
1310943802
1311023990
1311079771
1311112927
1311191146
1311247865
1311290834
1311369334
1311509490
1311613115
1311652459
1311873615
1312041396
1312186584
1312432459
1312473521
1312561552
1312576677
1312592896
1312773834
1312847802
1312948396
1313012552
1313034677
1313211240
1313240709
1313284771
1313355771
1313426521
1313438677
1313483552
1313720271
1314032771
1314293521
1315454802
1316273552
1316419584
1316505396
1316585021
1318732209
1319450240
1319549209
1319970209
1320297771
1323201334
1323367865
1324609521
1325149052
1325285834
1326886209
1326985709
1327133209
1327332459
1327984271
1328269865
1329511552
1330481677
1331148709
1331255709
1331591427
1331746427
1331885802
1332162552
1333495365
1334380334
1335399521
1336730896
1337048709
1337238615
1337302427
1337759771
1339119021
1340962334
1341333990
1343052677
1343786459
1345302552
1346163459
1346376271
1346663552
1346745521
1347439646
1349599271
1352215771
1352239084
1352392927
1352539552
1352612302
1352768459
1352985146
1353048677
1353189521
1353376959
1353424209
1353475146
1353616959
1353955021
1354024240
1354604709
1355018209
1355118865
1355270959
1355486459
1355776490
1356329427
1356450927
1356648834
1356688334
1356746927
1356901240
1356976521
1357191584
1357370834
1357476365
1357561396
1357649990
1357702584
1357789115
1357953209
1358070865
1358109646
1358147427
1358220990
1358346396
1358493021
1358527334
1358605677
1358687115
1359164552
1360559802
1360635302
1361145927
1361590771
1361906396
1362689427
1362959959
1363261959
1363464021
1364384021
1364662240
1365384740
1371421209
1371480084
1371712021
1371914427
1372580709
1373907584
1374309959
1374542615
1374864396
1374995959
1375038865
1375072615
1375111834
1375308177
1375335927
1375351302
1375484927
1375538709
1375553802
1375575615
1375697802
1375781834
1375833646
1375917552
1376001740
1376359552
1376447521
1376526052
1376591740
1376629740
1376731427
1376825334
1376914959
1377192240
1377292115
1377299865
1377440365
1377465084
1377534084
1377576459
1377737834
1377782146
1377850334
1377886709
1377995177
1378106552
1378199240
1378260459
1378340990
1378448052
1378707177
1378750021
1378796959
1378872740
1379245209
1379293927
1379665365
1379860990
1379902677
1380207615
1380494177
1380704990
1380798771
1380883209
1381223459
1381274490
1381424490
1381724677
1381827209
1382261990
1382377959
1382444584
1382680427
1382724365
1382758865
1383024584
1383918052
1384008646
1384328771
1384609490
1384897271
1385092427
1385833927
1385948271
1386179709
1386439615
1386480334
1386549302
1386727240
1386783334
1386941615
1387088459
1387628302
1387699490
1387785677
1387876177
1387962271
1388959490
1389008427
1389254677
