102016644
102314488
102710238
102754988
102948300
103022269
103048550
103087269
103546988
103577550
103764956
103812800
103823269
103857300
103890081
103963988
104027019
104038769
104116769
104203238
104233550
104575331
104737988
106519050
120318363
120401831
120421425
120812831
120875831
122923113
122957613
123084331
127341675
127485050
127725769
127735113
127745675
127839363
127887488
128089081
128153269
128198550
128210706
128320081
128504488
128604050
128716425
128790769
128843019
128942581
129661675
129715488
129805081
129857800
130455144
130541456
130670613
130848644
131213769
132072738
132430300
132513331
140963644
141247269
141495863
141776425
142129863
143883925
144152425
145325988
145610519
147586300
147592706
147615550
148066894
148098863
148112113
148722144
149150956
149298081
149656988
150171675
150686081
150783456
150924019
151027144
151051738
151082800
151267488
151312238
151339175
151348456
151417175
151652394
151700425
151728581
151810956
151840081
152683331
152861800
153194019
153201019
153721925
153735706
153794613
154120456
154143113
154323800
154394581
154566456
154834425
154881425
155192613
155406863
155534738
155626769
155984894
156381706
156395300
156455144
160542113
160554831
160586456
160977675
161019956
161058019
161148050
161393081
162727394
162770831
162802269
163531925
163703269
164860863
165195675
165409050
167223331
167311206
167335019
167584425
167700738
167812925
172634769
175600175
175790519
175797550
176849863
178342488
179946581
180054113
196459300
196496206
196536175
196570113
196599769
196608456
197095144
197163675
197731394
197805519
197815488
197880581
199398019
199949425
200048144
200077800
200206394
200468613
201499800
201722550
201775144
202438738
204039675
207444581
207598456
207676894
220643550
220763894
221247831
223491488
223531238
223659894
223725894
223791394
224028675
224066394
224141206
224226081
224492519
226445300
231044550
231504238
231528738
231561238
231578050
231583706
231613894
231639300
231645831
231659175
231664738
231705456
231753988
231940863
231952988
232050363
232104894
232197331
232265550
232437488
232504394
233648238
233663238
233703456
233877644
234234831
234361925
234546644
234583363
234636300
234772363
234779331
235021456
235197331
235218800
235391269
235601394
235804050
236035738
236083113
236376738
236561300
236663675
236690019
238604738
243106238
243166394
243201081
243236831
243243894
243257081
243275519
243375425
243538769
243578206
243782081
243848581
243880863
244005206
244022050
246117706
246169488
246247800
251998800
260616738
261396613
261893988
266005175
266758488
268664331
270484081
274282050
274778800
281909613
281919081
281965519
281977019
282011863
282046113
282055644
282066956
282080550
282200394
282206769
282221613
282491425
282505800
282523644
282554144
282628019
282839956
282848050
282869300
282924019
282964956
282986050
283023925
283110925
283174894
283207956
283240706
283278925
283295925
283329956
283407581
283788456
284990706
285018925
285127081
285180175
285216238
285262550
285602988
285655800
296915800
297167238
297196519
297224613
297245331
297340706
297428550
297503550
297627425
297656613
297893519
298010206
298020738
299782988
299922988
300003363
301088894
301264238
303585019
305557613
305578113
305672988
335502800
335737769
337469613
340364300
340758206
340786206
340974113
341093175
341394019
342220113
342423738
343661425
343951738
344919644
344962300
345907956
346033050
354630144
354689581
354734894
354778738
354829425
355258269
355330144
358423769
358467675
358481519
358497050
358507144
358516206
358541238
358558050
358563363
358586363
358603613
358618925
358638769
358692300
358702175
358745175
358768831
358783175
358801894
358811863
358825800
358864300
358880988
358945675
359033175
359047644
359075144
359198113
359216581
359286269
359308581
359321456
359366081
359406706
359447863
359455675
359541269
359575456
359586050
359595925
359782175
359818550
359938925
359992238
360063644
360085144
360207050
360264175
360302706
360400519
360425175
360437394
360448675
360530613
360559613
360574269
360583769
360653019
360680019
360704988
360868706
361072894
361449956
362493269
362655300
362783144
363070550
364380550
364406863
364562894
364885831
365955113
365963675
366231769
366264706
368187363
369409550
375318456
375442613
375495394
375508675
375529925
375728206
375774019
375858488
375895081
375930644
376436081
376644863
377516581
377684644
378151206
378391988
378632175
382348269
382683331
382839675
383229800
383313831
389048331
396996113
414751800
414801113
414842613
414852675
414887581
414931269
414988019
415013363
415053363
415210050
415244738
415890456
415960331
416005019
416016206
416045613
416070706
416092863
416180300
416209644
416241988
416322206
416350425
416507831
416579394
419648613
419856613
420022456
420165738
420609488
420756863
420833925
420913769
420964613
421120425
421183519
421425394
421533706
421715956
421927456
421959144
422024425
422049519
422086644
425349394
425734706
426465831
427862394
427906144
427922831
427970863
428333019
428553488
428590488
428657956
428760175
428843519
428847238
432636050
432747550
432776144
432791988
432818581
432927425
433003050
433118238
433170113
433392363
433431769
433465456
437560488
437662956
437941706
437961456
439063550
439690706
441985581
442024894
442074081
442111113
442171488
442209613
442281269
442370269
442467425
442531988
442574300
442598581
442639238
442748613
442788519
442962550
442999769
443036613
443277706
443299706
443431488
443474519
443558425
443598456
443661175
443718363
443780769
443926175
444022644
444227675
444321331
444379456
444490269
445608863
445729988
446104956
446143300
446333394
446353238
446468363
446867894
446993988
447367550
449325113
449576613
449616113
449910269
450009550
450040206
450082863
450850113
450928394
451332238
451602581
452180425
452730550
452776019
452866831
452932956
452955113
453024113
453034800
453072081
453120425
453168738
453255988
453548956
453597894
453917144
453963706
453993488
454103831
454141863
454262738
454364363
454708956
454980394
455222581
455260331
455357613
455396644
455437800
455495956
455662769
455703238
455784613
455935331
456522081
456926269
457071925
457375613
458053081
458989706
459383394
460134488
460351550
460388488
460670175
462637550
464476300
465295519
467298206
469038238
469142956
469661206
470414613
472960331
473234144
473485894
473647550
473772769
475280675
475523675
476204331
477431675
477755988
478059800
478177925
480688113
480736956
480824769
480862206
481188925
481512581
481552519
481659300
481778519
482880206
485851581
485953081
486272300
486671238
487166988
487296769
487547363
487696550
487787238
487923300
488398988
489753831
490704863
490855644
490900675
490960706
491070769
497246581
498219863
501018269
501120894
502027800
502862425
504452706
507505988
507511488
507791519
508935019
516485988
521067894
521366925
521396269
522682300
523281363
523376269
523424269
523460488
523485488
523527456
523591363
523689394
523997581
524158394
524330144
524547050
525033519
528070800
528431238
528604769
528618956
528630081
528780488
531807738
531969144
531976394
532388988
532639581
532729769
533035300
533041706
533295706
533315363
533340863
533359425
538215363
538223050
538800956
538842769
538949175
538999519
539063300
539229019
539296581
539361206
539510894
539535519
539616144
539648300
539805269
547870581
547958800
547963519
547987863
548069175
548094144
548112331
548117769
548131456
548201706
548212925
548230925
548277456
548342581
548369831
548443831
548537081
548687081
549036956
549165863
549315550
549437081
549628644
549771644
549876644
549992394
550090363
550143488
550561738
550701831
550717863
551050769
551287363
551440394
552528425
552575238
552589081
552722238
553049394
553064300
553244456
554679581
556634394
556680769
556719331
556889394
556922863
556990519
557042644
557066894
557316050
557383300
560844363
560886519
560907300
560911956
560943206
560949050
560982175
561002675
561359550
561459113
562123675
562408581
562625425
562881019
562900800
562929113
562978269
563068831
563109113
563188863
563304613
563494331
563802144
563922175
564004113
564534175
569801488
572207675
572752894
577025175
577033206
577044831
577145800
577158238
577169175
577203706
577232269
577269769
577383706
577408769
577516488
579208238
579240956
579286300
579327175
579417769
579476206
579748488
584326050
584361331
584449019
584559175
585098019
585606894
585650800
586839800
586940800
587012050
588130956
588770269
588837831
588995488
589085988
589753269
590229394
590653019
591704300
593002800
593143956
593192988
593230738
593641144
594613613
601936425
601952988
602037144
602200613
602571050
602656113
603058081
603101894
603582800
605621706
605629831
605671300
605704550
605809488
605908925
606043269
606299613
606585550
608221644
608264425
608319613
608419425
608630488
608719519
609175050
609256519
609320488
609621550
610241113
611223363
611323613
611411081
611427706
611504519
612119831
612219519
612296269
612375144
612401050
612561956
613327675
613672113
613688894
613927456
619245081
619303831
619341831
619419269
622603738
622684019
622729831
622830863
622873550
622880331
623011863
623139144
623236894
623271425
623385331
623392769
623525894
623576769
623590081
623727113
623847800
623904550
623962831
624016988
637689394
650267238
650278081
650340300
650374613
650435644
650497488
650592894
653536925
653563175
653568800
653612675
653640613
653845894
654155269
659634581
659760050
667474113
667694019
667939894
668029081
668146425
668203738
689463488
689622738
689799925
690229800
690374581
690603738
690613394
691336800
691436331
691574238
691727363
691828738
691980175
692650081
695059738
695173456
695211113
695269175
695314300
695318800
695511019
695541738
695632456
695662363
709162581
709368863
709489144
709509581
709527956
709732894
709768238
709845675
709961269
710008769
710169363
711121644
711343769
711592488
711683394
712113863
712225144
712502081
712835738
712892144
713256394
713719238
715020363
715524488
716191800
716425050
716489863
716575050
721735269
721750956
721830238
722016081
723179800
723192988
723273175
723322175
724291050
724324144
724537144
724866519
725079894
726288175
729841581
749513613
749521581
749535988
749755081
749843894
749942206
749978581
750383206
751900675
752331363
752427113
752533113
752691300
752790456
756593300
756713894
756747238
756799988
756830519
756864550
757045019
757051581
757174144
757202206
757255488
757296425
757421519
757620425
757647581
757703769
757805425
757931363
758034550
758074738
758095675
758226706
758238925
758307956
758366519
758388206
758552050
758654831
758825175
758892800
759699706
759866644
760108269
760726425
760865550
760882300
760928706
760964831
761018581
761092863
761203363
761315300
761425738
761440550
761559675
761676425
762400800
762439331
762520769
762711425
763121925
763438581
763674644
763730894
763755206
763830581
763842238
763873269
764091144
764334894
764428081
764489175
764631269
764720081
767787519
771575300
775841894
778181488
778629456
779192019
779486581
782790894
783006769
783343394
783997050
784690644
789992925
790060425
790537456
790708113
790757363
791024081
793941706
793984050
794022613
794079456
794196488
794258581
794403050
795027644
795102738
805123769
809121831
814016206
814055738
814296425
814310644
814507706
814672769
814771581
814848113
814983988
815068863
815521113
815607925
815644519
829166675
829250050
834940363
834987488
834993113
835008956
835041894
835053206
835116738
835146925
835174800
835235488
835305050
835700519
835726269
835768613
835782800
835804394
835891800
836142675
836184581
836341550
836446519
836519144
836613988
836757769
836849238
837381081
837482456
837529550
837628613
837665706
837921206
842992863
843359175
844309800
845466863
848627269
848726050
848755831
848789863
848893394
848922113
849128269
852765800
853088175
853124550
853168081
853216831
853228675
853280988
853321644
853356238
853465706
853528394
853615706
853653550
853770488
853865769
854222144
854299363
854500488
854527519
854627394
854657519
854724238
854821988
854888894
854985581
855063269
855119363
855270581
855469331
857438675
857515081
857536894
857606144
857641613
858036925
858165925
858947644
863426238
863893738
864461363
865798894
867414894
867478331
867512206
867647831
867819769
869811925
869903988
870123238
870311331
870411831
870442488
870488488
870790425
870820925
871036081
871052613
871081081
871311581
871660113
871936331
872343363
872387331
872477300
872520144
872596269
872709675
872967394
872993831
873039363
873956175
874400831
874857675
875154956
877050394
886535238
894313019
905653831
905699925
905712519
905748644
905753988
905883456
905942238
908857581
909290425
909400331
909537581
909584738
909597800
909714175
909767425
909806519
909866581
909969269
910258363
910496800
910520769
910777894
911144050
911306363
911895113
912259863
912437894
912633831
912661738
912822175
913069831
913145738
913180644
913345738
913456113
914919675
915000863
915153581
915242956
916597425
916689581
916712113
916732613
916792331
916875019
916882800
917489519
923869863
925409644
925873269
936011738
941324706
942877206
943235175
943376675
943440738
943504706
943745394
944308206
948275519
949306613
949321769
949387488
949468488
949552269
949657425
949779738
949876425
949961956
950123738
950767519
951121644
951168613
951401706
951429675
951556956
951650113
951715300
951730925
951851363
952625488
952862769
952914738
953755081
953781363
953852925
954126144
954944800
954987800
955039113
955303831
955696206
955731081
972603269
972640956
972763831
972776488
972852456
972887800
972915769
973038300
973111175
973223988
973270738
973434238
973489269
976709550
976714550
976865738
977074050
977173331
977224581
977306613
977317050
977366988
977393269
977558519
977825988
977832113
977976113
978060831
978097800
978224019
978244519
978322363
978553425
978599894
978637519
978752050
978781738
978881738
978916238
979022206
979131613
979297019
980300269
980326613
980340394
980475738
980504206
980603769
980660113
980707706
985183050
986538113
988647800
991869269
994801925
996803425
996836519
999405925
999802019
1000735363
1002158613
1002500144
1002930425
1003072519
1003206331
1003346956
1003439394
1004751831
1005108331
1005421206
1005610956
1010888050
1010916019
1010989769
1011102988
1011129456
1011234050
1011299175
1011316331
1011395738
1011457331
1011504519
1011646269
1011774300
1011781644
1012136175
1012861300
1013521706
1013740550
1013800081
1013810269
1013945644
1015801425
1016212113
1016595769
1016750988
1016761238
1016801331
1017084425
1017324863
1017374331
1018426019
1018452831
1018725956
1018889456
1018897425
1019042269
1019166394
1019249613
1019275581
1019727175
1019910894
1020483488
1020579581
1020648613
1020934425
1021018363
1021384800
1021463238
1024962456
1025330363
1026417206
1026547050
1026875425
1050617050
1050660644
1050711144
1050754831
1050853081
1050884144
1050888581
1050948488
1051297613
1051329206
1051487206
1052722206
1052754206
1052772925
1052805769
1052995238
1053982144
1054113113
1054161769
1054183894
1054362363
1054374113
1054395956
1056568956
1056679706
1056692144
1056752394
1056805956
1056879300
1056960581
1057110644
1057540456
1061893519
1061992894
1063920206
1066314706
1066814988
1067297925
1068096081
1095374331
1095991425
1096644456
1103930706
1104235425
1116736956
1116801300
1118814831
1118996894
1119650456
1120960863
1121343706
1121389206
1121489331
1121600363
1122044956
1122142206
1122170519
1122216550
1122246144
1122754269
1122776988
1122831519
1122858488
1123023613
1123038019
1123197675
1123291206
1123364488
1123548206
1124013019
1153011581
1153033613
1153112706
1153151269
1153172363
1153885331
1153916800
1154140331
1154164706
1154176925
1154194675
1154233425
1154471113
1154588988
1154776956
1154811425
1154822956
1154855019
1154877831
1154947269
1155114738
1155427331
1155575675
1155586581
1155615738
1156304988
1156321581
1156493550
1156537925
1156572769
1156586300
1156639706
1156758488
1156814831
1156877363
1157053769
1157131675
1157213550
1157220269
1157281175
1157406019
1157477800
1157500113
1157583925
1157640894
1157662800
1157733800
1157769113
1157809456
1157912488
1157927488
1158011238
1158131706
1158442019
1159931331
1161006269
1163136738
1164762363
1164859425
1165708488
1166272613
1166282613
1166605988
1166764738
1166912925
1167052988
1170144269
1170211488
1170404050
1170496206
1170587425
1170662269
1170821894
1170854769
1171135269
1171338863
1171391394
1172464050
1176610363
1176901831
1176996488
1177078925
1177594175
1179604706
1180295113
1180481394
1180699519
1180994613
1184826581
1190794831
1191734769
1194848269
1212476863
1212610925
1212766363
1212803363
1212833800
1212851456
1212870519
1212903925
1213176394
1213229925
1213277613
1213426769
1213518894
1213695894
1213768613
1216414675
1216452800
1216461988
1216508363
1216586300
1216660831
1216694675
1216792988
1216842488
1216914363
1216957613
1217040488
1217140894
1217174956
1217219331
1217498331
1217681738
1217865300
1218042550
1218226300
1218387081
1218392738
1218650769
1219092988
1219136988
1219171550
1219205706
1219329394
1219552331
1219680300
1219979175
1220106206
1220442706
1220863300
1221075581
1221769925
1222553988
1222652019
1222726644
1223476675
1223530269
1223861300
1224099456
1224453425
1224535019
1224680456
1224784894
1224869019
1225090519
1225179738
1225242769
1225961925
1226439925
1226825113
1226891050
1226935300
1227000300
1227035300
1227207238
1227293019
1227344113
1227412800
1227462894
1227493863
1227769956
1227853956
1227974675
1227986581
1228060050
1228201769
1228387894
1228742925
1228773206
1228954613
1229255363
1229294988
1229318175
1229390363
1229509738
1229841019
1230205269
1230268956
1230739175
1230953894
1231031238
1231151644
1231261300
1231354425
1231496488
1231867925
1231971206
1232170956
1232293425
1232472550
1232685769
1232703269
1232781956
1232912863
1232956425
1233262331
1234090488
1235056488
1235535331
1235624769
1235647238
1235743363
1236046081
1236139331
1236212675
1236469550
1236782300
1240224050
1240945894
1241164425
1242786863
1243002206
1243078456
1243146019
1243288863
1243350581
1243376081
1243401800
1243768394
1243859394
1243875800
1244006019
1244023269
1244057394
1244456613
1244778488
1245071738
1245090738
1245402394
1245424550
1245432988
1245536675
1245787363
1245804050
1245977613
1246061613
1246089113
1247030238
1247240394
1247276831
1247747706
1247938956
1247968550
1248082050
1248201706
1248592894
1249100206
1249141175
1249405769
1249835269
1250282769
1250669394
1250739894
1250890613
1251256456
1251334113
1251580425
1251722800
1252187706
1252303394
1252547144
1254258581
1254372050
1261857800
1262048081
1262183831
1262427956
1262700144
1268084175
1268095956
1268160425
1268172613
1268228863
1268325363
1268332081
1268336800
1268416863
1268572144
1268599394
1268635550
1268708238
1268755894
1268833769
1268965081
1269105675
1269118019
1269298613
1270438144
1270552206
1270596925
1270612206
1270651425
1270765956
1270777706
1270829769
1270876425
1270907738
1270917706
1271103800
1271146988
1271211800
1271443769
1271884363
1273271144
1273337581
1273453550
1273473831
1273480675
1273485456
1273571425
1273589488
1274878300
1275332894
1275556175
1275623113
1275759238
1275807675
1276127300
1276203738
1276226831
1276487581
1276633269
1276698175
1277116550
1281946831
1282023113
1282069050
1282137081
1282431456
1284186081
1285615331
1289004206
1292177019
