218584703
218611922
218645797
218742672
218859297
218894985
219049672
219162328
219170547
219215016
219216203
219253047
219320860
219326391
219349797
219410266
219453985
219549047
219587110
219806485
219998453
222348578
222592328
222786485
222879422
223214578
223330422
223369922
223403047
223411328
223445547
223475953
223484828
223504203
223531297
223534891
223558016
223625828
223629235
223673547
223721078
223775735
223801078
223818953
223854078
223890891
223913328
223924547
223930328
224653328
224853078
224889610
224900797
224922985
225017110
225048735
225077391
225086422
225098891
225243828
225298891
225361922
225376860
225409078
225440547
225498078
225535360
225541203
225574360
225722266
225867172
225924078
225932422
226056922
226158328
226182953
226222141
226328141
226441110
226772016
226837172
227743547
227804547
227862110
228013016
228021828
228071078
228165203
228262422
228298485
228348641
228450516
228578360
228735922
228910891
229155047
229195016
229443110
229457235
229630391
229715672
229737797
229804422
230055297
230115641
230270453
230372641
230503203
230721297
230818766
231064016
231137360
231267391
231299766
231433453
231738672
231763703
231794485
231962516
231972797
232027703
232037297
232125672
232279735
232325391
232328016
232425578
232509110
232542141
232666578
232821953
233027235
233226766
233265110
233371422
233478328
233495985
233675547
233681828
233799735
233820297
233938078
234019985
234026203
234123047
234190985
234284391
234324735
234398797
234413172
234475328
234487735
234533735
234610391
234683328
234720047
234751828
234845485
235049860
235051891
235131828
235170641
235326578
235400860
235489485
235538266
235626547
235841891
236092235
236389891
236457703
236568485
236690610
236826172
237030391
237107016
237247578
237338422
237550203
237696297
237837766
237881485
237895797
238016391
238113922
238115985
238219328
238326453
238465672
238577828
238749953
238847297
239180266
239317172
239338141
239350610
239547235
239750110
239942610
240003453
240138578
240214485
240219922
240362953
240543078
240624047
240745797
240765453
240943672
240964985
241068672
241077266
241138485
241146953
241238266
241271266
241937110
242672641
242739641
243134672
243222360
243284985
243621891
243994141
244249110
244312891
244527453
244668766
244719578
244836110
244920172
244999172
245030110
245182078
245275110
245386672
245421703
245503860
245582391
245798766
245861110
246089797
246175578
246250516
246334172
246380828
246432266
246614485
246634141
246807297
246973547
247021141
247074172
247084703
247153485
247226547
247288578
247323203
247352453
247676047
247720891
247794828
247922235
247943797
247962578
248002953
248069485
248102391
248131703
248164735
248223547
248302110
248357672
248362547
248472172
248532547
248608578
248758735
248882422
248916360
249052422
249082328
249167985
249220735
249299485
249324735
249387922
250102391
250114641
250140797
250157078
250174016
250191547
250272547
250451578
250484516
250597610
250617203
252609485
252822828
252881516
253278953
253299641
254253328
254339391
255081641
256301922
257148422
257197078
258356172
258490047
258615266
258740547
258795453
258839953
258891110
259114672
259337422
259404766
259782360
259833860
259993547
260036110
260077735
260177016
260266578
260310328
260329516
260377891
260417578
260551922
260752266
260755203
260817485
260826016
260846578
261150891
261220641
261247235
261535547
262093203
265180078
265770641
265838516
265862922
265883016
265930766
266029797
266375203
266450703
266580547
266795328
266816610
266825516
266839547
266844016
266912703
266969110
267021328
267098672
267119547
267294141
267423203
267456860
267515485
267688766
267810235
268094266
268120328
268130610
268215047
268283953
268309047
268410078
268475828
268641235
268728641
268782016
268850797
268959453
269441703
269983828
270138547
270262141
270424516
270482703
270503953
270584172
270668047
270700016
270766516
270903578
270955422
270990953
271024766
271049672
271129641
271223985
271271891
271341453
271478391
271537016
271628266
271685485
271688110
271802578
271905860
271999016
272097860
272101328
272245328
272366860
272419735
272533422
272675422
272714922
272769610
272807797
272910141
272965297
274060547
274206422
275088266
276453485
277259797
277644672
278834422
279103422
279223235
279255985
279442860
279526922
279567110
279599516
279666735
279759735
280841860
280957235
281425391
282268516
282318016
282404453
282412235
282604797
282699797
283165578
283811547
285313235
285557360
285575797
285794703
287740016
287743828
287825110
287892985
287964391
288083360
288193297
288207891
288234110
288269610
288301485
288325047
288359016
288397203
288405328
288774297
288813360
288819453
289104953
289454391
289518391
289545485
289651985
289676797
289721797
289815953
289869860
289874891
289969516
290109672
290130391
290490391
290507860
290602578
290604953
290614391
290670047
290744235
290763172
290798266
290842703
290850016
290911828
290956735
291065016
291077547
291243547
291265485
291337297
291347485
291490453
292280547
292353766
292410172
292449235
292455703
292558203
292596578
292681328
292775110
292804516
292844578
292984328
292992735
293068547
293363891
293538110
293705485
293897235
293979860
294283985
294652922
295110766
295154610
295196578
295216703
295266828
295294203
295311610
295317703
295337797
295357297
295381141
295418953
295437485
295560766
295585203
295692891
295801391
295826610
295932703
295957766
295961203
296027672
296029047
296061078
296069641
296159953
296179610
296238766
296344047
296397453
296470016
296544453
296614578
296647016
296670391
296740672
296792860
296858703
296885110
297024078
297120860
297258110
297336578
297514547
297671172
297851547
297956641
299456328
299725485
299845610
299860547
299919297
300002860
300069641
300097828
300202297
300218360
300228016
300461016
300496735
300582516
300667703
300720453
300751547
300841610
300851235
300892172
300910422
300935141
301119172
301179203
301276766
301308547
301360860
301474610
301513578
301639703
301725235
301963547
302072578
302221266
302308016
302336422
302413485
302427828
302622891
302652485
302749141
302768328
302824766
302863078
302908360
302920047
302933016
303041828
303119203
303161391
303491235
303531078
303698203
303761860
303796578
304126547
304272547
304366172
304398078
304442953
304464797
304845578
305802453
306126391
306790172
306935360
307070110
307250172
307436578
307537360
307623047
308589203
309041453
309201922
309365735
309784141
309966078
310469578
310682922
311202297
311920703
312174141
312274391
312359360
312540360
313727610
314217860
314271047
315036328
315574047
316071328
316293516
319009953
319090110
319178922
319246422
319378172
321022766
321123641
321280828
321621360
321677891
321829953
321935641
321991766
322045766
322084141
322181110
322190860
322272516
322283391
322322766
322379797
322432485
322433922
322518891
322537891
322545547
322680703
322715797
322728235
322738985
322769110
322817203
322838797
322899328
322907797
322996172
323131610
323206516
323401141
323486735
323529235
323604953
323767110
324004953
324071860
324346578
324510766
325079172
325181735
325285453
325394672
325436516
325485703
325554422
325573110
325790235
325843110
326100360
326226860
326768391
326810172
326887297
327038797
327098078
327178485
327253047
327280047
327302266
327325141
327367047
327405985
327429922
327462547
327467297
327527797
327561016
327674391
327685610
327726266
327767422
327833547
327858985
327914578
327965578
327986110
328034360
328064297
328089610
328164203
328205360
328364610
328370735
328474235
328546516
328708235
328774985
329009797
329129141
329180453
329237797
329245610
329289360
329313266
329475578
329565922
329660391
329705735
329745203
329794578
329822922
329886422
329902578
329983360
330030172
330198391
330466328
330505860
330525797
330662953
330762453
330806735
331005922
331373016
332667047
334468110
334685953
334708078
335293297
335376203
335578266
335687235
335780703
335810328
335930328
335973891
336014235
336034891
336075735
336134047
336242453
336442453
336485453
336533141
336545453
336623985
336681578
336729703
336814016
336976422
337016735
337025141
337080828
337104860
337179922
337223703
337297078
337375641
337454328
337788828
338776672
338853266
339326078
340790016
340899422
341182016
341247203
341256860
341294453
341366578
341392735
341468922
341489985
341573516
341575766
341602516
341681391
341798235
341866266
341942485
342253453
342409235
342477766
342740891
342831735
342959578
343026016
343070047
343115266
343180141
343270610
343314922
343317422
343408328
343450078
343530985
343587766
343640016
343973922
344637672
344661266
344781016
345010985
345127016
345167078
345254641
345364110
345419641
345490422
345591235
345593360
345629703
345701203
345758766
345855828
345902110
346005735
346093641
346140766
346167047
346265078
348353485
348863110
349046922
349247297
349316078
349651235
349990047
350197360
350427703
351087922
351116985
351198235
351230422
351240453
351252578
351316297
351364891
351439203
351481860
351530922
351554047
351570953
351585485
351668703
351676735
351687172
351727110
351757516
351792985
351797828
351819360
351859641
351915953
351936860
351955453
351991141
352404735
352680047
352722141
352843110
353012360
353052922
353135172
353166578
353232422
353292297
353320141
353488672
353608485
353786735
353975828
354052860
354143578
354150672
354194203
354238703
354312078
354393610
354423641
354502266
354578360
354598672
354648516
354711485
354758735
355112016
355261016
355428797
355533047
356477860
356750953
356895297
356917047
357105078
357207266
357451828
357585172
357762891
358163047
358653766
358843235
358910641
359236485
359274391
359376078
359662172
359733953
360072360
360136860
360238141
360258110
360304141
360311985
360438078
360471297
360596016
361030672
361060078
361260422
362627703
363915078
364082672
364188422
364214047
364229641
364247391
364312485
364390110
364647172
364716360
364826266
364903485
364949485
364955235
365000516
365013141
365057172
365116985
365126078
365189547
365253266
365306766
365325828
365486360
365510328
365546610
365591328
365616516
365782547
366059985
366238516
366290047
366500360
366581672
366699922
366775703
366813641
366850703
366946391
366988828
367071672
367114922
367141828
367224422
367382360
367411703
367486328
367513766
367599672
367644172
367670360
367774641
367779235
367826641
367868953
367900516
367934235
368061516
368145703
368187703
368210672
368272922
368276953
368284735
368353141
368374860
368436547
368473641
370101703
370609172
370851578
371080235
371082860
371436391
371647516
371831485
371920610
372148203
372337422
372372891
372420047
372444328
372478141
372520828
372573078
372581860
372667235
372725797
372834578
372850641
372906391
373094453
373095610
373123110
373216297
373308297
373352485
373420578
373448078
373480141
373569610
373721297
373907360
374210641
374296828
374303235
374399453
374472360
374527828
374592016
374667703
374727172
374947547
375026516
375118078
375282391
375366891
375525860
375673891
375691516
375878828
375881766
375958172
375974297
376388860
376463922
376676110
376776828
376870766
376923235
377039485
377301578
377776141
377889016
377971641
377985860
378001391
378043516
378099328
378113578
378158485
378189735
378199016
378352453
378381047
378899860
379130828
379390797
379459047
379764453
379952297
380011235
380092797
380172328
380281078
380400922
380429485
380498797
380570610
380584547
380632516
380680235
380716766
380765266
380804141
380945110
380996860
381041047
381116985
381291828
381368891
381391703
381451203
381539922
381598953
381623828
381694235
381703141
381742828
381761610
381887360
381913703
381935297
381950078
382005016
382041078
382074110
382098110
382145641
382161610
382197266
382227485
382302485
382364578
382419578
382452891
382481297
382609703
382648672
382849297
382889360
382941610
383092016
383148547
383193391
383234860
383257485
383289391
383319047
383340797
383403828
383430141
383537297
383670453
383743985
383788203
383844203
383892266
384000141
384051578
384084672
384175891
384204203
384228672
384257141
384316235
384347266
384552328
384607485
384639735
384687516
384730453
384825766
384882328
384922547
384948797
384967891
384988485
385027922
385105578
385187422
385248235
385320672
385389360
385449797
385495422
385569016
386044610
386395953
386814641
388465735
388481078
388589516
388680110
388721860
388766797
388824953
388909078
388941735
389068266
389151703
389202485
389274860
389433172
389556453
389691110
389751453
389975078
390066110
390110297
390271797
390297578
390479360
390608391
390654610
390781672
391286235
391376141
391398922
391442922
391619110
391647516
391688235
391737391
391760860
391841953
391862235
391903610
391953641
392004078
392081328
392373016
392377610
392513360
392543578
392555985
392586922
392635172
392645703
392834485
392850703
392887266
393172047
393220172
393314297
393332703
393384860
393477047
393527547
393609891
393652860
393687485
393783766
393872797
394668266
395538141
395648516
395687172
395751485
395825453
395859172
395978047
396062547
396096110
396216703
396492266
396557016
396640203
396768610
396891141
397045735
397133453
397231297
397611766
397937016
398107672
398159360
398263485
398329297
398426953
398620047
398773922
399792016
400048922
400819985
401873047
401946860
402063828
402087297
402151516
402249110
402302516
402379485
402510891
402773547
402783578
403830453
403837610
403908203
403953141
404037766
404073235
404149110
404198047
404290328
404326235
404408078
404537110
404623297
404652485
404715610
404732891
404781235
404821922
404955922
404999641
405017485
405071891
405194485
405356422
405487860
405800266
406075078
406594610
406782235
406847172
406906078
406967735
407016797
407034891
407171453
407247735
407278547
407449953
407534485
407563453
407596297
407637328
407654078
407737485
408327766
413520203
413631453
415534047
415581828
416423141
416660860
416985703
417000641
417102516
417113297
417191110
417203016
417843078
418298360
418386578
418409672
418426516
418477453
418501016
418621672
418679922
418701578
418781047
418895610
418905485
418923047
418953016
418977141
419025453
419050610
419236453
419872016
419935985
420069422
420245985
420319641
420965672
421156297
421293297
421304297
421323703
421355735
421408953
421471516
421625453
421657672
421762078
421836516
421886110
421932953
422005266
422030203
422075266
422285391
422310360
422358110
422420891
422488797
422533485
422607391
422663297
422690328
422738516
422785641
422830453
422926172
422974266
423009703
423057953
423082891
423113297
423155110
423190797
423231110
423267828
423402391
423501797
423537047
423769391
425116860
425185266
425356672
426481047
426543891
426702828
427428297
428037610
428135516
428255297
428344828
428545110
428592485
428695922
428806266
428846703
428869985
428943672
428999766
429044172
429129016
429184110
429192203
429220797
429310610
429316110
429377172
429443891
429534172
429584266
429602703
429641828
429737328
429883422
429990016
430013391
430071953
432591610
433655016
434246922
434408641
435408453
436997172
437109360
437180297
438557203
447834266
450289578
451303328
452005703
453891203
453927703
453989828
454285360
454394953
454535547
454950328
455294578
455303453
455499266
455528953
455552985
455606266
455685485
455759016
455938516
456103953
456173078
456193172
456338235
456394672
456464141
456484578
456545391
456603922
456624516
456718391
456722485
456764703
456851953
456884391
459705766
460273016
460891485
460971828
461155297
461251078
461339235
461347953
461540922
462209766
462237266
462277453
462313266
462330266
462361266
462394453
462415266
462448047
462501860
462556547
463666203
463865922
463991953
464153516
464432516
464566141
464761485
464947985
465059610
465482641
465704578
466231360
466234360
466252891
466290172
466354110
466392672
466457016
466662485
466700953
466789141
466906860
466937297
466984735
467175703
467250672
467435797
467738172
467902047
467973047
471380078
472722672
473013328
473034422
473089485
473139860
473181672
473544735
474016516
474185391
474231235
474389922
474393485
474826141
475029985
476145547
476236047
476277985
476501985
476563953
476677328
476787328
476801016
476846297
477353797
477786766
477907860
478397735
480535422
480800578
481492297
482527891
483186578
483207485
483269235
484152610
484662203
486321485
493702141
494976547
497900297
501185578
501822172
502776547
502873110
509346828
511396578
512858953
512984203
513187141
513242172
513274516
513368922
513491172
513547203
513584891
513941547
513959141
516631766
516766391
520599203
521261766
521952672
522567891
524357641
537809922
540145078
548252860
549936141
550178203
550193328
550777735
550892453
551215266
551344891
552112641
552366922
552958610
556224860
556542860
558718828
560922860
560956422
562428860
562985453
563079422
563327360
564510422
565179953
567021860
568813235
573098141
573816360
588226985
592480516
592524891
592656610
592692422
592712485
592788203
592826797
593210766
593361391
594201953
594894422
595064953
595244610
595561578
595629547
595910016
595964516
596062547
596166797
596281266
596562485
596651953
596879047
597068610
597341047
597566328
597572828
597583203
597654485
597947328
598062266
598206641
598275485
598288016
598530453
598924735
599083985
599328110
599419078
599487735
599583078
599877453
600429203
600733328
600776235
600827235
601130078
601448172
603063953
604030891
604043422
605112672
606230453
606731891
606826578
607110266
607144391
607178047
607264703
607346047
607446516
607508953
607611922
607707485
607825266
608710828
608996235
609082547
609198735
609330922
609596735
609716672
610924703
611034360
611750516
611856516
612095360
612261328
612453235
612740110
613033047
613160391
613350828
613763985
614260578
614503360
615269328
615506110
615666328
615784047
615826016
616273203
616335235
617120047
617258172
617358953
618074485
620254297
623244016
623336547
623345266
623393703
623662328
623861641
623883172
623918641
624094547
624148985
624530766
624565985
624861547
624912735
626025610
626453297
626782297
626877485
627212203
628362672
628396297
628599672
628824235
629105735
629451328
630429578
630513391
631136328
631648516
632358391
632394453
633155422
633990203
634846735
635288453
635336047
635462047
635871485
635964922
636062547
636218516
636323172
637484360
637775797
637882735
637937797
637971328
638783203
639802672
640011891
640099985
640397047
640451172
640468016
640842266
640936922
640992141
641203766
641232141
641651891
641752641
642109516
642271453
642542016
642617735
642711422
643310141
643328391
643424547
643543985
644086953
644220360
644237016
644436172
644500703
644563172
644599172
645567766
645611422
645745953
646783485
646965797
647923172
647977422
647994735
648052047
648107360
648178485
648203641
648287141
649132516
651134797
651240891
651339235
651526422
651647391
652372828
652416578
653070016
655702141
655913641
656032860
656036516
656090703
656543266
657749610
657862297
657931485
657973235
658026922
658184891
658321078
658367922
658762860
659028953
659192922
659795141
660081422
660212172
660664891
661302891
661394203
661540985
663106172
663517703
664312297
664417547
664456735
664648172
665583172
665963860
666516485
667177860
668034172
671563297
671698453
674833141
678110985
680766860
680844922
680856641
681149641
681167578
681208016
685055735
686091141
686115672
686133453
686246078
686497047
686664610
686828953
686856453
687347328
687485547
687548328
687962391
688333453
689006453
689111485
689310360
689529110
690323297
690818828
691148985
691258453
691595641
691744235
691795422
692311578
692401766
692480266
692491735
693458985
693693578
693722516
693969203
695314047
695617828
695885735
696814203
696981453
697784766
698388360
700690703
700893297
700936578
700950235
703461953
704002797
704045766
704062797
704271610
704374078
704663703
704816485
704900172
704925860
704969735
705044891
705174672
705227328
705788078
705983578
706065703
707366703
707869328
708219766
708827953
708959516
709930485
710793703
712305422
713000266
713069985
713439828
713465610
714091078
716143360
717531797
717865453
718021203
718130360
718355735
718468110
718775578
719037672
719861203
720345641
720630235
721284110
721973735
723342922
726192766
727816828
730737016
730860422
731081078
731205391
731400797
731766110
731780141
731863578
732044703
732351891
732462610
732823641
732930141
733203828
733659172
733960047
734499110
734602453
734628891
736273860
736501578
738737578
738952516
739108328
739205828
739781610
739909578
740122453
741563703
743149110
743178891
743820860
744034141
744452610
745274141
745729922
745736266
745886485
746003235
746055141
746303297
746357172
746421266
746645672
747064047
747394860
747563203
747653953
747670391
747771328
747862578
747917985
748045860
748105266
748254922
748322735
748369172
748421610
748602422
748846797
749312610
749560485
749628735
749719578
750173953
750369766
750535922
751116735
751716953
751844360
752403391
752591422
752763141
752892078
753415891
753460485
753543235
753648641
754721266
757097797
757302016
757487516
757501672
757556828
757574235
757587985
757608516
757661953
757684953
757703297
757750235
757780547
758165672
758238922
758304641
758470860
759473391
759677078
760063672
760347172
761850578
767227453
767422297
772130985
773477235
775162735
779907016
780282110
780522703
780566391
780609953
780680047
780798703
780833766
781061516
781117672
781422485
781487203
782203422
782471828
782660203
782816891
784259703
784398235
784577328
784617266
784687016
784964485
784971235
785432016
787683578
788345172
788387516
788480203
788837328
789289360
789330953
789404078
789473891
789506828
790017485
790184610
790617110
791142610
791281891
791376641
791411672
793580672
793606735
793665922
793691172
793733422
793752953
793772297
793801547
793878641
794559297
794627891
794978203
795187953
795350110
795413235
795767953
795852766
795922797
795957641
796124672
796166328
796651485
796814391
796980110
797256297
797519735
797571485
797627672
797713047
797834516
797835766
797925766
798047110
798069891
798280766
798385016
798512766
798616610
798826235
798831297
798884953
798925328
799041610
799970016
800292391
800320266
800970610
802945797
803183203
803239860
803265235
803283610
803342360
803530110
803558922
804447422
806250766
807484203
807823860
807988203
808233516
809748860
812054547
812771860
814412985
814550485
814622797
814733203
814997235
815232641
816911328
817284360
817457547
817659703
818029203
818763953
819376641
819507078
819577141
819584016
819616266
819664891
819711860
819803672
819866516
819942672
820004922
820138672
820202641
820290735
820342891
820416453
820459016
820497641
820550172
820697610
820796266
820841110
820980141
821036766
821382860
821640266
821776172
823267078
824477422
824606016
824704047
824928860
825230797
825304641
825350297
825617266
825692641
825727110
825761235
826059547
826323516
826347891
826487297
826668641
826707735
826873766
827598610
827626297
827905547
827991578
828547297
829506953
829562891
829618672
829697172
829763703
829923922
830115703
830271266
830606391
830747547
831031047
831476797
831514297
831617766
831895516
832218516
832336360
832535172
832712266
832986110
833037391
833171141
833229328
833335078
833398516
833556735
833864203
834535422
834655172
834747610
834900422
835718141
835818078
836185016
836826328
837044797
837525422
838541172
838649985
839086953
839111610
839167985
839491610
839556703
839622141
839643297
839705891
839731672
839887422
840101703
840125141
840703922
847969141
849712953
849787110
850006047
850025047
850199235
850392422
850569266
850636360
850729985
850772453
850788922
850849985
851013860
851097766
851209422
851248391
851273391
851284672
851366516
851445828
851559516
851569453
851596110
851664578
851702141
851739641
851783985
851816985
851853141
851904360
852266078
854468297
858212578
858316328
858360203
858369797
858457391
858532047
858565641
858815766
858949235
858978922
859023016
859240141
859488985
859621828
859693516
859791797
860189641
860392610
860411672
860652953
861039235
861112547
861213172
861355016
861380735
861535016
861572110
861848953
862014766
862041078
862118828
862248203
862291985
862373985
862563422
862604453
862762141
862790391
862977391
863128141
863233860
863240922
863311703
863508172
863974047
864022610
864063516
864108172
864168985
864262235
864286766
864336797
864727828
866141766
866190328
866363860
866535922
867183391
867262985
867520297
867560235
867575735
869155985
869284078
869613860
869757860
870246797
870754953
872393485
872807672
872816641
872962797
873063860
873186828
873381203
876349797
876374016
876653016
878600235
878663047
878776703
878934266
884316610
885584610
885637703
886409672
889533203
891445485
894210391
895269078
898421516
900214766
900888703
900956735
902253016
902274453
902306016
902354110
903616453
904323610
904951735
905481203
905557578
905949985
905965016
906089360
906306391
907918735
909097953
909351172
909384047
909466578
909747016
909944578
910166078
910187547
910335047
910747547
911197860
911352297
911518766
911677047
911925985
912196860
912277297
912572266
912747047
915962860
916485641
916786922
916791453
916942110
917099641
917215297
917234078
917391547
917470453
917772328
917943453
918233860
918278766
918411110
918531360
918595610
923023828
928032203
928262360
928345235
928394860
928653422
928746172
928834828
930806953
930914391
930984735
931869172
932089547
933669610
933750297
933825297
934383766
934625016
934769235
935268860
935412360
935452672
935488985
935871047
936004860
936431828
936527453
936610797
936614735
936677547
937266578
937393922
937405328
937563953
937689328
937870297
938113453
938421953
938620141
940450110
945900797
946132547
946391891
946398016
946464516
946522735
946778141
947008485
947347766
947594703
947714985
947884797
948459610
948646078
948805860
949941735
950015641
950898266
951855672
954140047
954169985
954643266
955011672
955278047
955692672
955863860
956741547
956977703
957787610
958835485
959089047
959675735
960006266
960339985
960660891
960876141
961682891
961878891
962159735
962495235
962542297
962887516
963762453
963964235
964203141
966154953
966392578
966586047
970187828
970708297
970959172
971550422
972789360
973060266
973224016
973277860
973368328
973539328
973916266
974193891
975138016
975346985
975417703
975587266
975680735
975910453
976308422
976310860
976464860
976845203
977022266
977252828
977380860
977595985
977847297
978239422
978331235
978543578
978614891
978658891
978831797
979503672
979727297
979824953
979891735
979906297
981980766
982793391
983423172
983505047
983965297
984234516
984568641
984907860
984934610
984945891
984957172
984970016
985014047
985033078
985531360
985809735
986013078
986219610
986433360
986757516
987738203
987778985
988073235
988326203
988638641
988863641
989091422
989264297
989271360
989820297
990287610
990302610
990341391
990514922
990606391
990630547
990707547
992407860
992494391
992951016
993084141
993164828
993284516
993515578
993562360
993630860
993682328
993963360
993982485
994159297
994215422
994325422
994828266
995180610
995320610
995441828
995497235
995558516
995903985
996193953
996381828
996592266
997162172
997216985
997330391
997458703
997541360
998875891
999086703
999692828
1000367453
1000643641
1000724016
1000798360
1000969297
1001027641
1001468485
1001552485
1002145141
1002319516
1002851391
1003020078
1003068766
1004799422
1005397610
1006502985
1006738141
1006978297
1007977766
1012077141
1012400016
1013606828
1014754516
1015014735
1015213828
1015309953
1017752860
1017997078
1018578922
1019148735
1019531172
1020655235
1021141516
1024354016
1024683110
1025755391
1028210203
1028827453
1028837297
1028865860
1029518172
1029661516
1032280578
1034805360
1035347203
1035689360
1036219703
1036589860
1036609547
1036849172
1038120860
1042939203
1044442078
1046037578
1046155953
1046159797
1046293391
1046322266
1046446047
1047086547
1047751110
1047762266
1048220766
1048388016
1048501891
1048517203
1048534578
1048549641
1048562203
1049213203
1049390328
1049581672
1049634828
1050377828
1050979453
1053875610
1054197235
1054268891
1054444328
1054544610
1054703235
1054710891
1054767578
1054892016
1062679641
1064684078
1064965735
1068570422
1068590735
1068674078
1069331110
1069750891
1070380266
1070741016
1071140703
1071335235
1071387297
1071407297
1071490485
1071673703
1072108985
1072277891
1072406422
1073266297
1073435141
1073952360
1074021610
1074176953
1074736703
1074781547
1074855797
1075176891
1075401297
1075541422
1075738016
1075878735
1075969360
1076034391
1076067703
1076141641
1076167235
1076183703
1076232016
1076265860
1076307110
1076325860
1076425391
1076529672
1076641985
1076723172
1077351703
1077412610
1077638860
1077665078
1077774610
1077813860
1078086328
1078662703
1079941422
1080012860
1081387703
1081694641
1083010453
1083299516
1083358453
1083512360
1083729766
1084136547
1084820016
1085630735
1085676953
1085798235
1085801828
1085959891
1085993360
1086104766
1086405422
1087251891
1087283172
1087328203
1087407422
1087432985
1087437547
1087470766
1087574266
1087599641
1087672953
1087769203
1087840422
1087950485
1088112328
1088205797
1088264797
1088328047
1088374766
1088462328
1088490391
1088559172
1090864610
1091132672
1091352516
1091662703
1094015203
1094030047
1094078860
1094139672
1094214297
1094230735
1094283985
1094322672
1094389235
1094445672
1094595547
1094669922
1094755391
1095787672
1096205797
1096222203
1096456891
1096499703
1096664266
1096756828
1096841328
1096952422
1097118328
1097173516
1097247391
1097263297
1097339391
1097360516
1097481016
1097520641
1097652453
1097693328
1097726422
1097735703
1097824235
1098070578
1098193110
1098309266
1098555235
1098608078
1098633735
1098688891
1098827828
1099013297
1099059578
1099160235
1099195703
1099251391
1099285047
1099314578
1099577422
1099825672
1099857578
1099981078
1100043672
1100383078
1100444985
1100513047
1101007360
1101397235
1101535203
1101743891
1102040797
1102255328
1102307391
1102658391
1102992828
1103356110
1104721141
1104904610
1105094766
1106420485
1106432391
1106478516
1106489985
1106510235
1106754297
1106894766
1108726203
1109850485
1109930016
1110102610
1110397297
1110543047
1110816703
1110898891
1110929203
1111102672
1111218547
1111490766
1111513016
1111761860
1111840891
1111884516
1111932672
1111991703
1112103360
1112152172
1112377047
1112673922
1112707078
1112720047
1112733985
1112753297
1112767422
1112934641
1113804235
1113938797
1114151328
1114264672
1114356453
1114463078
1114543047
1114673328
1114710203
1114797016
1114895953
1115708985
1115919266
1116774610
1116975047
1117030516
1117075328
1117283547
1117359985
1117414953
1117805985
1118306735
1118613360
1118705891
1118837422
1118912203
1118985235
1119034485
1119076016
1119262203
1119276703
1119315453
1119347391
1119421797
1119580485
1119745860
1119761047
1119807110
1119866391
1120155422
1120359891
1120396297
1120473485
1120575422
1120654735
1120890860
1120909735
1120945985
1120958328
1121302828
1122251235
1122303266
1122518703
1122894516
1122999828
1123097047
1123211985
1123474547
1124167422
1125005953
1125392422
1125700610
1125756703
1125832735
1126001266
1126063578
1126295328
1126449047
1126625078
1126825078
1126886610
1127771578
1128917985
1128996047
1129073360
1129215110
1129308985
1129832266
1129888828
1129961703
1130491891
1130759360
1130890391
1131978641
1132070078
1132426735
1132465016
1133584047
1133677235
1133860735
1140475891
1141362860
1141704703
1141791891
1141809891
1141877078
1142012610
1142170360
1142446578
1142506828
1143438516
1148698610
1148770860
1148786766
1149207110
1149265797
1149332828
1149448516
1150303578
1152160828
1152358360
1154764485
1154936985
1155196078
1155230203
1155307860
1155367641
1155559328
1155565797
1155650016
1163337360
1163443547
1165457516
1165576453
1165618110
1165632297
1165813047
1165861110
1165904141
1166069610
1166265078
1166302953
1166383766
1166714422
1167201016
1167443547
1167496078
1167541172
1167585891
1167719172
1167799578
1167866797
1167939735
1168047672
1168175297
1168525735
1168742516
1168849422
1168949703
1169029203
1169034641
1169126016
1169129578
1169254016
1169296641
1169430297
1169540172
1169663828
1169725891
1169786610
1169822860
1170027266
1170058266
1170071766
1170306266
1170323078
1170445422
1170771703
1170965610
1171115110
1171193891
1172541235
1172590766
1174503078
1175764703
1176470266
1176700860
1176914578
1177011735
1177038703
1177111547
1177170172
1177177985
1177189610
1177295641
1177385672
1177415828
1177531578
1177632422
1177773641
1178393922
1178805328
1179030391
1179245203
1179615547
1180089360
1181113766
1181279016
1181663860
1181683735
1181725672
1181976578
1182043610
1182123172
1182286766
1182295922
1182608735
1182804266
1182946485
1183751735
1183799797
1183839266
1183964203
1184051391
1184320235
1184697391
1185465422
1185707078
1185989547
1186094672
1186104860
1186201453
1186366797
1186470328
1187491203
1187654828
1188405828
1188475891
1188563641
1188730266
1188801141
1190356016
1190670578
1190685891
1195820985
1195846110
1195929797
1196426203
1199352547
1199692485
1199734703
1199749703
1199998047
1200407422
1200588047
1200661110
1200858297
1200868828
1201354422
1201505641
1201720235
1201861360
1201914922
1202720172
1203180766
1203323016
1203689141
1203907391
1204085610
1204510797
1204810735
1205343672
1205388953
1205390391
1205463328
1205490547
1205656328
1205672266
1205724953
1205764235
1205840078
1205875016
1205973828
1206028891
1206248297
1206269610
1206350547
1207393985
1207628078
1207665735
1208109735
1208256422
1208320078
1208392360
1208685516
1208854985
1208937922
1209283047
1209338453
1209390860
1210183578
1211422578
1212414578
1212509953
1212591703
1212692235
1212814922
1212824297
1212964985
1213035641
1213324641
1213561891
1213727547
1216903360
1217096578
1218662641
1218816360
1219829641
1220179547
1221375328
1221446922
1221888672
1222016703
1222131078
1222430266
1225285828
1225414266
1225497828
1225566422
1226259610
1226470266
1226572485
1226638110
1226647141
1227303391
1227600985
1227642203
1227688703
1227841922
1228189328
1228304078
1228616203
1228687266
1228829547
1228882797
1229693203
1230469610
1230598703
1230603078
1230611797
1231616672
1232273735
1232545922
1232679672
1232736235
1232818735
1232879953
1232919985
1232989297
1233557110
1235144735
1235155985
1235217266
1235244485
1235263860
1236044110
1237454016
1237881735
1238108016
1238172516
1238220047
1238346203
1238421453
1238640985
1238661922
1238863641
1239023891
1239089578
1239147735
1239626391
1240101110
1240499735
1240717110
1240823453
1240892016
1240929641
1241069828
1241137610
1241168578
1241310891
1241730578
1241903266
1242243235
1242670610
1243578578
1243785641
1243859610
1243890485
1243974891
1244035860
1244082110
1244111641
1244145703
1244176297
1244237016
1244573203
1244642485
1244734797
1244908860
1244965797
1245167735
1245301985
1245504985
1245576547
1245743641
1245753360
1245782078
1245830953
1245871110
1246119453
1246136953
1246333360
1246370360
1246470235
1246641516
1246658453
1246679078
1246785860
1246851422
1246975891
1247040797
1247104047
1247216547
1247221016
1247243203
1247452110
1247570547
1247687891
1248025203
1248221485
1248261922
1248700141
1248774766
1248828110
1248919641
1248983891
1249138172
1249362391
1249698110
1249849547
1250061641
1250203047
1250233360
1250408703
1250689766
1251060922
1251145610
1251267922
1251329672
1251447453
1251698735
1251776985
1251873516
1252105547
1252193735
1252277328
1252311828
1252455235
1252633297
1252677453
1252712985
1252943828
1252977297
1253037172
1255147703
1255368828
1255519578
1255540391
1255634828
1255706516
1256235516
1256381985
1256494610
1257177703
1257318422
1257403360
1257474922
1257520547
1257683047
1257740485
1257911703
1258051110
1259939235
1261279860
1261293953
1261303172
1261352297
1261772860
1261948391
1263054203
1263205172
1263366485
1263398985
1263458797
1263562016
1263615422
1263695703
1263786860
1264968766
1265325578
1265505360
1265739735
1266128016
1267803922
1267859453
1267884485
1268272922
1268436266
1268968610
1269278141
1269353110
1269490297
1269598703
1269828485
1269876391
1269986172
1270064078
1270162891
1270224672
1270329203
1270360360
1270565016
1270664610
1270706078
1270779297
1270805641
1270929578
1271820610
1271944735
1272040235
1272200860
1272263516
1272277610
1272393985
1272688516
1272786703
1272918828
1273255453
1273300641
1273327078
1273440141
1273643266
1273705547
1273784047
1274190985
1274514922
1274524891
1274544610
1274554578
1274583297
1274644828
1274659672
1274687953
1274706953
1274724610
1274778110
1274798610
1274879141
1275363766
1275405828
1275604391
1275835891
1275844516
1275946735
1276065485
1276113016
1276407453
1276493516
1277608203
1277789297
1277801891
1277814860
1277834485
1277850578
1277932328
1277959766
1277982172
1278804328
1279045297
1279322891
1279378328
1279413985
1279502735
1279552953
1279578860
1279590297
1279647891
1279704922
1279736672
1279777703
1279816391
1279859328
1279930047
1279983485
1280092953
1280152797
1280192485
1280511891
1280607016
1280973235
1281201860
1281302047
1282001266
1283026485
1283096203
1283104672
1283129328
1283179141
1283269610
1283370985
1283661110
1283681860
1283741860
1283904266
1284025391
1284099203
1284136766
1284169578
1284207141
1284255985
1284267860
1284295391
1284372828
1284387578
1284656766
1284732891
1284824922
1284919672
1286676110
1286785391
1286832110
1286922672
1286944985
1287233891
1287537235
1287586578
1287670078
1287866235
1287946703
1288030735
1288126422
1288173516
1288202297
1288215703
1288228641
1288272703
1288281703
1288319328
1288338828
1288416922
1288437547
1288502953
1290378391
1290684703
1290787547
1294590203
1294667203
1295098953
1295385891
1295497360
1296556453
1297541453
1298290547
1298405485
1298592641
1298667078
1298691485
1298732078
1298836266
1298843016
1298953203
1299014610
1299326297
1299345610
1299393547
1299525141
1299654141
1299696172
1299698078
1299750735
1299846766
1299853672
1299960578
1300263172
1300347953
1300387610
1300468328
1300530953
1300696172
1300907297
1300967703
1301022641
1301137297
1301210078
1301273578
1301372703
1301428641
1301525703
1301953485
1302447891
1302618485
1302624922
1302746641
1302760235
1302857422
1302947360
1302980391
1303015391
1303187953
1303205766
1303259860
1303297485
1303301141
1303359828
1303486172
1303518922
1303646610
1303711422
1303774703
1303845110
1303856891
1303929766
1303970453
1304001953
1304098297
1304150172
1304341547
1304393391
1304441797
1304513547
1304585516
1304625078
1304652453
1304705860
1304720766
1304788016
1304789141
1304830047
1304881422
1305207891
1306902078
1308154110
1308175641
1308325453
1308416203
1308518578
1308534985
1308600922
1308661797
1308819578
1308838016
1308919828
1308975578
1309067953
1309181360
1309228735
1309262172
1309431672
1309441922
1309507391
1312355266
1312595610
1312735235
1312893172
1312973203
1313039422
1313116328
1313174860
1313335453
1313405578
1313475297
1313512735
1313560047
1313607422
1313664422
1313677016
1313765610
1313816016
1313841828
1313912766
1313953703
1314047360
1314091141
1314114672
1314147485
1314252453
1315347860
1315758641
1315949391
1316245453
1316304328
1316324172
1316403703
1316501891
1316578985
1316589516
1316707453
1316731235
1316794485
1317373141
1317473766
1317726953
1317858422
1318002235
1318130953
1318167985
1318270641
1318280266
1318312797
1318328078
1318341860
1318351422
1318378391
1318466203
1318692141
1319340735
1319517110
1319912672
1320035422
1320531078
1320878891
1320947016
1321257985
1321328391
1321508110
1321690297
1322076985
1322171047
1322450672
1322815422
1322875578
1323225422
1323317610
1323653985
1323907703
1323990672
1325689297
1325861828
1325975266
1326699422
1327513672
1327572953
1328918203
1329376860
1330150735
1330327078
1330992735
1331054735
1331203578
1331273547
1331374641
1331434110
1331731610
1331749016
1331876985
1331907078
1332001578
1332043828
1332182547
1333053766
1333172860
1333197953
1333330922
1333418766
1333458703
1333513485
1333523047
1333551610
1333590828
1333671953
1333694891
1333761453
1333782266
1333836641
1333930828
1334004860
1334055672
1334081735
1334112110
1334228735
1334371578
1334513078
1334624453
1334845828
1334903641
1335028891
1335220172
1335255985
1335290422
1335304141
1335336547
1335550578
1335753453
1335958641
1336118360
1336133235
1336262391
1336328610
1336350328
1336365766
1336411235
1336892016
1336943110
1336957641
1337166641
1337261453
1337401891
1337613860
1337647672
1338006547
1338090985
1338230391
1338256891
1338396922
1338583391
1338820985
1338942860
1338971297
1339150922
1339290516
1339351703
1339484860
1339575453
1339628828
1339698860
1339874266
1339945922
1340439547
1340752141
1340803828
1340891766
1340981328
1341110797
1341132953
1341186141
1341372453
1341429485
1341470422
1341542203
1341549016
1341617672
1341685078
1341703391
1341750485
1341848391
1341867328
1341889110
1341936235
1342145797
1342261078
1342466516
1342990922
1343277641
1343354266
1343364641
1343464266
1343499235
1343617703
1343667360
1343854141
1343915360
1343956735
1344043860
1344093391
1344102235
1344184297
1344222235
1344274141
1344374610
1344516953
1344578485
1344583672
1344739735
1344882735
1344992578
1345323610
1345472016
1345584235
1345606578
1345617235
1345641516
1345730547
1345841235
1346029172
1346202235
1346263110
1346640391
1346713797
1346731735
1346879953
1346895110
1347154516
1347427860
1347527047
1347578453
1347592485
1347665828
1347933766
1348062922
1348151266
1348215297
1348326078
1348351516
1348419453
1348785485
1348988016
1349000953
1349228953
1349241860
1349359735
1349421047
1349484110
1349543953
1349628203
1349697922
1349865672
1349876297
1349963078
1349985297
1349994703
1350100985
1350314578
1350326797
1350885610
1350901422
1350918547
1350969266
1350984422
1350995047
1351012453
1351032360
1351160297
1351378735
1351599672
1351682485
1352820141
1352941547
1353040078
1353082235
1353175922
1353286766
1353363578
1353418297
1353492891
1354037672
1354081922
1354132266
1354154735
1354166672
1354175828
1354368547
1354391641
1354701547
1355050985
1355120828
1355819203
1355971297
1356215641
1356284328
1357591172
1357850453
1358891172
1358929547
1359158766
1359354266
1359527578
1359558391
1359589672
1359704828
1359799422
1359907547
1360291172
1360441828
1360565547
1360658016
1361362922
1361464735
1361560703
1361823641
1362062985
1362123360
1362354360
1362415610
1362483328
1362531016
1362681235
1362888203
1362960172
1362975610
1363025485
1363216828
1363306735
1363859828
1365093610
1365314703
1366397203
1366401266
1366820766
1366934735
1367082860
1367098235
1367156110
1367560078
1367714203
1368239297
1368344141
1368346860
1368430672
1368559735
1368664328
1368727922
1368741735
1369305766
1369537828
1369746766
1369812422
1369860860
1370871047
1371045391
1371756922
1371762266
1371823922
1372217578
1372260016
1372534078
1372632860
1372720922
1373049047
1373068297
1373098141
1373263735
1373385391
1373473516
1373521328
1373636453
1373682641
1373724141
1373735141
1374069797
1374123766
1374222860
1374229547
1374418610
1374555578
1374734766
1375021735
1375680797
1375858828
1376099578
1376210860
1376226266
1376346578
1376375172
1376384797
1376395891
1376521453
1376645828
1376775735
1376853391
1376869516
1376927016
1377165360
1377206172
1377415797
1377550735
1377579672
1377732110
1377820172
1378144641
1378196797
1378357422
1378395641
1378469828
1378778578
1379125078
1379318578
1379617641
1379662266
1379759016
1379851078
1379853516
1379900891
1380011141
1380015828
1380274703
1380458453
1380829141
1380844047
1380908766
1381042391
1381245235
1381442953
1381482203
1381557860
1381780797
1382011953
1382057047
1382140860
1382358078
1382377110
1382408485
1382495985
1382574985
1382687422
1382790016
1382813672
1382837672
1382947578
1383045266
1383173891
1383261172
1383637828
1383691047
1384025860
1384094922
1384122735
1384280328
1384287797
1384400516
1384419672
1384506047
1384901110
1384924860
1385003485
1385043141
1385067641
1385079360
1385092266
1385104703
1385126953
1385142766
1385157016
1385170985
1385206391
1385261078
1385278078
1385289766
1385341703
1386047078
1386476422
1386567047
1386637110
1387046641
1387114141
1387157266
1387301328
1387447172
1387996485
1388450360
1388671735
1388731610
1388909953
1389006766
1389261110
1389441610
1389708047
1389869985
1389930172
1390043110
1390462828
1390475891
1390576735
1390591485
1390729860
1390976078
1391050578
1391078766
1391228297
1391308703
1391328985
1391747016
1391894766
1392111735
1392230735
1392479547
1392646203
1392745266
1392870078
1393110141
1393204360
1393278797
1393363203
1393425078
1393555110
1393566985
1393673860
1394158485
1394345266
1395384735
1396774078
1397722172
1397748172
1397871297
1398332860
1398732235
1398935172
1399103891
1399126610
1399185235
1399297672
1399418485
1399573672
1399623735
1399789485
1399856672
1400097547
1401156235
1401176297
1401281078
1401389391
1401436110
1401510297
1401717297
1401808891
1402195578
1402247797
1402302203
1402374578
1402430266
1402648610
1402742828
1402810110
1403325672
1403412172
1403486516
1403719422
1403961860
1404758922
1404890578
1405041360
1405179860
1405232391
1405345641
1405435172
1405876578
1405938453
1406013547
1406114797
1406220078
1406229235
1406283703
1406383547
1406495985
1406540891
1406574453
1406682735
1406716547
1406795078
1406851360
1406891016
1406998985
1407034985
1407117141
1407176891
1407402516
1407692172
1408214016
1408367860
1408484266
1408505422
1408525235
1408556047
1408609172
1408756235
1408854610
1408920141
1408990672
1409037828
1409063078
1409172860
1409177703
1409370610
1409445360
1409485266
1409581860
1409615235
1409632735
1409687703
1409724297
1409729735
1409819703
1409985578
1410018016
1410105485
1410136172
1410259985
1410315516
1410415985
1410738110
1410790641
1410888360
1410990860
1411207141
1411332641
1411386203
1411554078
1411573110
1411661078
1411755328
1412842485
1413248828
1414224766
1414259578
1414295985
1414462703
1414584922
1414675078
1414751485
1414789485
1414867578
1414948203
1414973422
1415110485
1415271547
1415314985
1415423953
1415452547
1415753922
1415862828
1415917516
1416012422
1416028110
1417033203
1417078203
1417156485
1417210235
1417316078
1417577828
1417723828
1417973110
1418142922
1418146516
1418244797
1418501578
1418718953
1418807953
1419019078
1419411672
1419462610
1419472328
1419585641
1419597860
1419647860
1419653485
1419720141
1419729141
1419836797
1419982735
1420107860
1420170172
1420455922
1420539141
1420706516
1420746610
1420799453
1420897578
1420972735
1421075891
1421224891
1421268485
1421446485
1421865110
1422169110
1422291485
1422645922
1422702766
1422806172
1423705360
1423839203
1423852078
1424004547
1424006766
1424050078
1424128953
1424312328
1424345328
1424376797
1424612110
1424675328
1424691703
1424763047
1424813422
1424867453
1424978547
1425078703
1425171422
1425293047
1425329328
1425437547
1426454360
1426617860
1426853797
1427091047
1427215266
1427277922
1427299641
1427388735
1427638203
1427798516
1427815766
1428371672
1428422141
1428486797
1428520735
1428578266
1428653672
1428721047
1428778360
1429192266
1429221735
1429436141
1429489328
1429605703
1429655735
1429681172
1429736672
1429791735
1429836266
1429888547
1429943235
1430002016
1430035360
1430094578
1430142547
1430183360
1430219485
1430418610
1430460672
1430563766
1430735547
1430929047
1430992703
1431014485
1431105047
1431213610
1431279453
1431321360
1431514703
1431562485
1431640922
1431688266
1431878297
1432173766
1432251110
1432518766
1432539047
1432648328
1432988766
1433824953
1433847016
1433869922
1433910735
1434035360
1434222547
1434451985
1434567703
1434823641
1434972828
1435305047
1435349360
1435396703
1435491735
1435493391
1435559610
1436040235
1436318828
1436388110
1436424641
1436561578
1436946860
1437021078
1437115703
1437122516
1437358110
1437422172
1437528360
1437925953
1438347266
1438795266
1438970547
1439190828
1440682016
1440810141
1441737891
1441814797
1442091953
1442135297
1442690797
1442986203
1443045078
1443047953
1443264453
1443655547
1443663203
1443913172
1443936766
1444022547
1444199360
1444235141
1444447485
1444575328
1444594141
1444689516
1444704297
1444889703
1445014235
1445089578
1445224297
1445524922
1445538610
1445724422
1445758110
1445818360
1445936891
1445970922
1446004610
1446027203
1446095297
1446161797
1446239547
1446358735
1446389328
1446425422
1446459578
1446648578
1447570203
1447810828
1447954422
1448381172
1448440328
1448570360
1449383016
1449540985
1449597735
1449663391
1449733235
1449874360
1449984953
1450145235
1450641016
1450670891
1450804610
1450926047
1451281797
1451350828
1451401297
1451749547
1452119203
1452626328
1452706922
1453019516
1453050703
1453110360
1453359735
1453557735
1453634578
1453922297
1454426266
1454754578
1455195078
1455346703
1455430891
1456030641
1456328235
1456583766
1456931172
1457109516
1457226422
1457305266
1457539953
1457644328
1457750172
1457921328
1458196985
1458791110
1459031672
1459081985
1459408610
1459504766
1459547828
1460189891
1460254953
1460302297
1460430641
1460542735
1460652235
1461071766
1461149266
1461499985
1461725735
1461799922
1462079610
1462209578
1462306953
1462439360
1462639922
1463146360
1463268516
1463473860
1464027610
1464353266
1464511922
1465213328
1465278860
1465370016
1465915891
1466046360
1466125641
1466548266
1467629891
1467905516
1468038641
1468067453
1468175391
1468328828
1468885672
1469049453
1469110172
1469320078
1469424735
1469503266
1469637735
1470233328
1470535235
1470846828
1470961047
1470993610
1472068141
1472184203
1472434922
1472785766
1472825078
1472870391
1472942141
1473140516
1473288797
1473540235
1473886703
1473895391
1474422047
1474526828
1474701672
1474788047
1475231422
1475420985
1476837922
1477602610
1477744391
1477992328
1478427078
1479408828
1479713985
1479773453
1479776985
1480353078
1480485110
1480909610
1481043235
1481087297
1481961391
1482090922
1482271516
1482298141
1482350922
1482403547
1482452953
1482599453
1482615172
1482677703
1482972516
1483172703
1483290422
1483853266
1483970078
1484255078
1484326203
1484442828
1484507110
1484845110
1485225297
1485975172
1486159672
1486281453
1486402453
1486539547
1486836860
1486963078
1486977703
1487036735
1487256485
1487347953
1487494891
1487552953
1487863453
1488011516
1488182203
1488245016
1488275516
1488281797
1488405078
1488449422
1488518547
1488591641
1488701703
1488840766
1489494578
1489995735
1490362266
1490998328
1492061797
1492847266
1493072266
1493216578
1493720110
1494114641
1494284953
1494360453
1494629141
1494690641
1494742235
1495240735
1496606828
1496750016
1497154391
1497354297
1497488391
1498549797
1498628828
1498806266
1499061641
1499630891
1499805641
1499968922
1500017110
1500509203
1500577235
1500739078
1500971485
1501051610
1501063578
1501327328
1501486985
1501514985
1501546422
1501588141
1501695110
1501715547
1502100422
1503179422
1503367672
1503413985
1503582203
1503700078
1503874110
1504738297
1505411141
1505545422
1505841641
1506033766
1506164922
1506354266
1506976328
1507085047
1507233672
1508109328
1509348578
1509421641
1509563078
1509907297
1510401453
1511290297
1512179985
1513438141
1513888922
1514599547
1514985672
1515149891
1515704985
1515795922
1516622797
1516704266
1516734360
1516831797
1516865078
1517225860
1517963828
1518255016
1518275985
1518312922
1518360328
1518437328
1518451672
1518509953
1518549047
1518818735
1518889735
1519262141
1519315516
1519406828
1519486735
1519600610
1519757141
1519842578
1519970891
1520119703
1520493141
1520540860
1520731578
1520922110
1521304547
1522495672
1522903797
1523275360
1523470766
1523685422
1523795110
1524021703
1524187453
1524311047
1524446391
1524507235
1524766141
1524776922
1524801516
1525208891
1525272485
1525460953
1525501610
1525558016
1526106672
1526171828
1526250235
1526289610
1526371516
1527638703
1527701328
1527774828
1527947860
1528049391
1528410922
1528680172
1529146360
1529693360
1529795547
1530411297
1530601266
1530689391
1531607422
1532723047
1532817797
1532895953
1533269110
1533538797
1533949703
1534040360
1534158703
1534227610
1534527797
1534668110
1534765578
1534773235
1535327172
1535334891
1535789141
1536686047
1537203891
1538140766
1538159516
1538220047
1538270766
1538580235
1538653891
1539463703
1541055485
1541180860
1541344547
1541509078
1541624953
