189865790
189927102
189975477
190007540
190049008
190098821
190107665
190137446
190183696
190267696
190303977
190364196
190409602
190513633
190563946
190616352
190655727
190708227
190806446
190832946
190919383
191004696
191223915
191367290
191453602
191534477
191601040
191649665
191736758
191814540
191901040
192015883
192118196
192143383
192240790
192293258
192362790
192415915
192472102
192578321
192703227
192816102
192945102
193215196
193284321
193505477
194260790
194422477
194568633
194658915
194821696
195048852
195162790
195337852
195422852
195805008
196519227
196741852
200588883
201292133
201356415
201432852
201513133
201662102
201762227
201793665
201837227
201885852
201895352
201967571
202018227
202089946
202130071
202143915
202232915
202479946
202953477
205151133
205352321
205419852
205450727
205523727
205572665
205757821
205876665
206043258
206171227
206265540
206405290
206433415
206490477
206577508
206604102
206655102
206701008
206758790
206788102
206849196
206921696
207063758
207126977
207171602
207268571
207503946
207611102
207690352
207826102
208114883
208702727
215987290
216023602
216057383
216094071
216113102
216140665
216183821
216216071
216265446
216290696
216341977
216415977
216453415
216622446
216673290
216772883
216797290
216824665
216880540
216894696
217010758
217085946
217125446
217149852
217180415
217238352
217294508
217351946
217388977
217406852
217437352
217475852
217539008
217581352
217613446
217630915
217689665
217723633
217757883
217824258
217886321
217909321
217955196
218037758
218097008
218156446
218246040
218336946
218430196
218526071
218579008
218649665
218705383
218838790
218873852
218937540
223637446
234762477
234888633
234921571
234989352
235059508
235120415
235232946
235253040
235370540
235384415
235472790
235498883
235664852
235735915
235881321
235942133
236097915
236247758
236369321
236443165
236527727
236617446
236684883
236718571
236765602
236807696
236876008
236899008
236924196
236945915
236964633
237036227
237089821
237106477
237130477
237146165
237177633
237223508
237249602
237273040
237295790
237313415
237326696
237340977
237366540
237397165
237411946
237426602
237518352
237542852
237597446
237852696
237936227
237979290
238113477
238123633
238161977
238197165
238215508
238285227
238569602
238633602
238815758
238917665
238960540
239001071
239021321
239097758
239155071
239176915
239211446
239237915
239303165
239316727
239332633
239371758
239425165
239451977
239486633
239497665
239507883
239544571
239582415
239636165
239689602
239750852
239798915
239926133
239949446
240010571
240039727
240100727
240157602
240196540
240292696
240348633
240412790
240494508
240602446
240690133
240747321
240807446
240953758
240969508
240997446
241062102
241095196
241128383
241275852
241395852
241428758
241505196
241562758
241649071
241718915
241756071
241781790
241827790
241879571
241946477
242003196
242031290
242089321
242150790
242188696
242265946
242360383
242407571
242439227
242517821
242623196
242643883
242718883
242743040
242841165
242892165
242971290
243083540
243210321
243300821
243382602
243555758
243686008
243825571
243938915
244050571
244112008
244314446
244446602
244501040
244709071
245171446
245234290
245333946
245346915
245475352
245627883
246014258
246185633
246299227
246401258
246684696
246808508
246988571
247258883
247340165
247448415
247489633
247636696
247889758
248167602
248297758
248342477
248552821
248640946
248921571
248963540
249246290
249408696
249414790
249657133
249952883
252486383
252541633
252877758
253346883
253449102
253530946
253657008
253814790
253963477
254298165
256696540
256863508
257380008
257699727
258344352
258456321
263871008
264187258
264405383
264472852
264731477
265299446
265410852
265595633
265686196
265808540
266182321
266275196
266461946
266666727
266987852
267725415
272016040
272055446
272104102
272128852
272152508
272192915
272220196
272239477
272279227
272287446
272305383
272332071
272367665
272378383
272459602
272482665
272588727
272610165
272698227
272735633
272787165
272832383
272868602
272885196
272945915
272957758
272979133
272986165
273028727
273060008
273139883
273168852
273196071
273227258
273237696
273284040
273301758
273331133
273399383
273451540
273497852
273610446
273788508
273858696
273966383
274041727
274168915
274243446
274356071
274474352
274552352
274620446
274650790
274697383
274731977
274775665
274901915
279476415
280504258
280844196
280888133
280977227
281051415
281274852
281344477
281411415
281490352
281544477
281572508
281722446
281830977
281898227
281950383
281971977
282016258
282133446
282220883
282429383
282578821
282945821
283107821
283138415
283164633
283416133
283649758
283900852
284388883
284606883
284692040
284819696
284969571
285110790
285203477
285375290
285458821
285559602
286654821
287007508
287223477
287323102
287410915
287480133
287556165
287710977
287778227
287805446
287898696
287956040
288058196
295612696
295866665
297014915
297059227
297943758
297988790
298148915
298340571
300093852
300125758
300161915
300263321
300309696
300322571
300336258
300436758
300452415
300461352
300488977
300592352
300606258
300707883
300743571
300797540
300836415
300847790
300900633
301201977
301394071
301818165
307069946
307368540
307976321
309556821
310592008
310633415
310686415
310825540
310866321
310945196
310998540
311069352
311172321
311243258
311335040
311394758
311430571
311541446
311610790
311680071
311707665
311898165
311990102
312086946
312206727
312253665
312664602
312824102
312909852
312946165
313013665
313052633
313061915
313095446
313107946
313142383
313154133
313187946
313253758
313281508
313363508
313376446
313435883
313456602
313467415
313495446
313503633
313533977
313577040
313609008
313727571
313862633
313954227
316128665
319420290
319590008
338723540
338767383
338811508
338856852
338883258
338920915
338931133
338966540
338987540
339022196
339039540
339081165
339100008
339113446
339130758
339152165
339181133
339192290
339213977
339242727
339250915
339304040
339348665
339401071
339450696
339630977
339664633
339736071
339763383
339886540
339913321
340038633
340303508
340384633
340464196
340506071
340531977
340567133
340605758
340632102
340723040
340780602
340799383
340844258
340904477
340950696
341031008
341107852
341156383
341238696
341282383
341390040
341443196
341496133
341509477
341524040
341558508
341582102
341639258
341682633
341720852
341740071
341790633
341819040
341847758
341903727
341957727
342017227
342035290
342105821
342130946
342172446
342200008
342268946
342295571
342357477
342485633
342613540
342703196
342801633
342886790
342939133
342971852
342995415
343034946
343077821
343118102
343157071
343192258
343226102
343243290
343260196
343320633
343373446
343395040
343411040
343429196
343506758
343545727
343563227
343570196
343603040
343617040
343640196
343666196
343675227
343686946
343702602
343724915
343763665
343776727
343794290
343827321
343854227
343914633
343932883
343946477
343955508
343969540
344015508
344030758
344081008
344090040
344121633
344174165
344233633
344254352
344268915
344298727
344322008
344361821
344405446
344460102
344491290
344583258
344608915
344714196
344735727
344775602
344794915
344813727
344851321
344876383
344962321
345037227
345072352
345107258
345165915
345250790
345296321
345313102
345331196
345371665
345435790
345473758
345491571
345542915
345569196
345625696
345691915
345719852
345740602
345768227
345793602
345807415
345848165
345864915
345920946
345925571
345960696
345974758
345993258
346007040
346042196
346073883
346102633
346164571
346195258
346221946
346239446
346249321
346265883
346309633
346327915
346373977
346395915
346411227
346534758
346570008
346670477
346690446
346733571
346755883
346766258
346793633
346814383
346840883
346893290
346908758
346987758
347090415
347228821
347317227
347355133
347392071
347476665
347489540
347522540
347555446
347601165
347660258
347698383
347765571
347811040
347834665
347879633
347910196
347972133
348050727
348093977
348136665
348192915
348284477
348335696
348416790
348479383
348548727
348567321
348585571
348607227
348637602
348681821
348706852
348738727
348759383
348774477
348830915
348867227
348881977
348930383
348965477
349023977
349076321
349169508
349223915
349285977
349353540
349387290
349409165
349480258
349498540
349569696
349623821
349675821
349697977
349768290
349807540
349860133
349900446
349921383
349990446
350014196
350057758
350087946
350132415
350157040
350260133
350287633
350390352
350423477
350502883
350636415
350732665
350832571
350929383
351025102
351158821
351301133
351369883
351392071
351441571
351483133
351509790
351549602
351696602
351742133
351757477
351805883
351915852
351982165
352009727
352057352
352185665
352271290
352458133
352718321
352752821
352818321
353031571
353070352
353132415
353499633
355062915
367892227
369460633
370579258
373202727
373214352
376519258
380951477
381006477
381095571
381146227
381172665
381232977
381270102
381277040
381346196
381382571
381411977
381424196
381465290
381476383
381522633
381541602
381557665
381608227
381652383
381666508
381683477
381707977
381735258
381743508
381774321
381811196
381832977
381847602
381882321
381924133
381940977
381962133
381996290
382022540
382059415
382066446
382077946
382107696
382161071
382241946
382250540
382281915
382296008
382331133
382342571
382363102
382389258
382402915
382440258
382456321
382475102
382509540
382541977
382559258
382591696
382604165
382622477
382634227
382677508
382692102
382755540
382775071
382867352
382901540
382937040
382957571
382981821
383013196
383056602
383093227
383127321
383194290
383207071
383241915
383256727
383281508
383316602
383340540
383397633
383412915
383438821
383520352
383541977
383584727
383594008
383615727
383639446
383650352
383675196
383704540
383777790
383804977
383841571
383975790
384021571
384096540
384107571
384163446
384193477
384224290
384247852
384321415
384380321
384419321
384453727
384493446
384546165
384676946
384757258
384791321
384853540
384894071
384907258
384929633
384955040
384964321
384981008
384993352
385035102
385066321
385117321
385182102
385247915
385336727
385364727
385388790
385403477
385442040
385507946
385536102
385562008
385599540
385618133
385645540
385666821
385726633
385787633
385840633
385868415
385888758
386000571
386028040
386036665
386066258
386120227
386145102
386161665
386178852
386239352
386430321
386460196
386658790
386686790
386764352
386850383
386903571
386953165
386988821
387192415
387216415
387254196
387272758
387394665
387458602
387476071
387510321
387700727
387780852
387948602
387983821
388087602
388117977
388130446
388144727
388191508
388262227
388336852
388349290
388420977
388467352
388542165
388582071
388660946
388685352
388700852
388713290
388740258
388769727
388793821
388852008
388874321
388896196
389005727
389047196
389048008
389093571
389160508
389180165
389234071
389296571
389312321
389377633
389462446
389477758
389503540
389530665
389628196
389638227
389682008
389732383
389762383
389929290
389998227
391322227
391397665
391508477
391594665
391817696
392063790
392126571
392251352
392296321
392304540
392417758
392475290
392552415
392622727
392681821
392697696
392802571
392873477
392913352
392984508
393054758
393097852
393222508
393257352
393449008
393508540
393612977
393645102
393690352
393716415
393768696
393796196
393821696
393884571
393919977
393927477
393944696
393970383
394025633
394069321
394101415
394121571
394194946
394207883
394231102
394255758
394309633
394365633
394461040
394532946
394579321
394598040
394634571
394661915
394673946
394741133
394784258
394808133
394823040
394872977
394940290
395003977
395034071
395073508
395156852
395181665
395239071
395263071
395291790
395381383
395423758
395548383
395708071
395728383
395739852
395794321
395829946
395879446
395907258
395957415
395974321
396072883
396121852
396247071
396336696
396471571
396582883
397044258
398418290
399898540
401171790
401266165
404023696
420191883
420292633
420450321
420530446
420667758
420700290
420989758
421114040
421299415
421344883
421368133
421391946
421409383
421437633
421492508
421533227
421564102
421608633
421669415
421696258
421718133
421756665
421835321
423558165
423980477
436669821
439020633
441048915
445215915
445302165
445345165
445399040
445435227
445470446
445491946
445513883
445543165
445554633
445603790
445641383
445676383
445723415
445754727
445769727
445804321
445827008
445836446
445854571
445862196
445879758
445892196
445911383
445927071
445955508
445997040
446035758
446047883
446061915
446109415
446129415
446141508
446166696
446188571
446209946
446260571
446273977
446289508
446301165
446321102
446340446
446360477
446390790
446411821
446474321
446517071
446539352
446571321
446631071
446646133
446680008
446702165
446726071
446740790
446777665
446818508
446922883
446946352
446964290
447024383
447048383
447076383
447093946
447144821
447164977
447218102
447263790
447317696
447359352
447394165
447430227
447496571
447586665
447718008
447785633
447932258
448108102
448214102
448254352
448291821
448340165
448374602
448400165
448461290
448508790
448533852
448612040
448684352
448747508
448799290
448844852
448913071
448956540
448990508
449095946
449120321
449163383
449216977
449240915
449263477
449312696
449384446
449441321
449468727
449483540
449514540
449536602
449574415
449592383
449672696
449726508
449781102
449790571
449858446
449904352
449953290
449981008
450019977
450033383
450103008
450125040
450167946
450219321
450270915
450393883
450410602
450436071
450461852
450489165
450552008
450606071
450633946
450682352
450704321
450717696
450742415
450786321
450819915
450881008
450892227
450915883
450997821
451038227
451077602
451115852
451153415
451185446
451237133
451301227
451332758
451375477
451533821
451745446
451797915
451840633
451973227
452030258
452055008
452135696
452234008
452348196
452408852
452582165
452694227
452815008
453383196
453465321
453475290
453504883
453570602
453598540
453616946
453638352
453657852
453720852
453763790
453811040
453839477
453870790
453928227
453947571
454007727
454099696
454143008
454260633
454320508
454411633
454420446
454472508
455045008
455360040
456351758
459494477
459667571
463985665
467497258
467620477
467657133
467694321
467803258
467843790
467999165
468024446
468044196
468081508
468129227
468163196
468183227
468241071
468262477
468296665
468363915
468436977
468461508
468576633
468612727
468711821
468736508
468819758
469190540
469228258
469386227
469431227
469467290
469575602
469637915
469726008
469784071
471291196
472076821
488562540
493494040
493735727
494655977
495197477
495627008
501188571
501768040
501913133
502188540
507238758
508963008
511008633
521183196
522583415
522764665
522827321
522845946
522880696
522892196
522953040
522971727
523152696
523200477
523222571
523241102
523261040
523287008
523302227
523329633
523344321
523354696
523374071
523412790
523477133
523522071
523554696
523589040
523614008
523620883
523650977
523751696
523769790
523794946
523965696
524039446
524108258
524270821
524314196
524369133
524614071
524719196
524878227
525008071
525068477
525178165
525222258
525281008
525361321
525398633
525460508
525492915
525591102
525670071
525713977
525805727
525994946
526059915
526200915
527346883
527483758
527579727
527667258
527711633
527883227
528036071
528110540
528185352
528921540
529034696
529369008
538321508
538453290
538683227
543067727
544703508
544811883
544872040
545311915
545417102
545470790
545609633
545816508
545959602
546077040
548112040
548471446
548542352
548636446
548680102
548756540
548877071
548938040
548978477
549015540
549064383
549197446
549248415
549304821
549388571
549468415
549529258
549625165
549731415
549841540
549910165
549940852
550008946
550250821
550317508
550553852
550612008
550666477
550756946
550934508
551025508
551119852
551176571
551271758
551288290
551352696
551392633
551466665
551557477
551607071
551757508
551837915
551875946
551956602
552033321
552116633
552167008
552231227
552277508
552349446
552422290
552491696
552580758
552687633
552762790
552851727
552920383
553316946
553449883
553588383
553690227
553832290
553890446
553947352
554048977
554161571
554189040
554262165
554387227
554431758
554486696
554628727
554676696
554802258
554847852
554939227
554975602
555052040
555129227
555210071
555328008
555363383
555432165
555614758
555687790
555933977
556345946
561665258
562496540
562644602
567597602
572649133
574295321
574388415
574481133
574531040
574621790
574771352
574808821
574846352
575083758
575137508
575216352
575286758
575330040
575434352
575448383
575497977
575559227
575578602
575639133
575713133
575735040
575787790
575801946
575870946
575908415
575919665
575939696
575954352
575991758
576030290
576045977
576083446
576097040
576184508
576228821
576268696
576278758
576296415
576324633
576337602
576357946
576368790
576391571
576494602
576509040
576547415
576585883
576603696
576626696
576670727
576688258
576730665
576748821
576795133
576818071
576846040
576897571
576961477
576979790
576998977
577078196
577089258
577137258
577216165
577250415
577392883
577468352
577558165
577710540
577791915
577840602
577988696
578050102
578112633
578179821
578228977
578330477
578417071
578514665
578586227
578657883
578834258
578911602
578958540
579053602
579126821
579237165
579325633
579528477
579608102
579864352
582855290
583163196
583912040
583935821
583990946
584037977
584055258
584069852
584116508
584137883
584153227
584169008
584211540
584236571
584256946
584314883
584343602
584359102
584377883
584398727
584410696
584436352
584460727
584478008
584511790
584557321
584577227
584590321
584604602
584637415
584652008
584674852
584703352
584714040
584765571
584860258
584881540
584924821
584936133
584951477
584968290
584989165
585040258
585053633
585111383
585191196
585193352
585223133
585268571
585320915
585367321
585413571
585458977
585488571
585504758
585526790
585536977
585546883
585588258
585604821
585617352
585674821
585783321
585826258
585846008
585866477
585947821
585966446
585977758
586072446
586142165
586169633
586203977
586229821
586326102
586346133
586379758
586427915
586498758
586550633
586561040
586614415
586687321
586706571
586745946
586755915
586800258
586829633
586899540
587014946
587043790
587096821
587111665
587166008
587193977
587210258
587249446
587279196
587335102
587432290
587456227
587497258
587534821
587552571
587577571
587597165
587626821
587713352
587748383
587805165
587911133
588068477
588203352
588436977
588554540
588566946
588631446
588675946
588723196
588734508
588791696
588881571
588963165
589138008
589290102
589317133
589739633
589949040
590357946
590861258
591475540
594779133
594964665
595191602
595234571
595285727
595344383
595655821
595745602
595822758
595936133
595993508
596075040
596100477
596265946
596478696
596570227
596652727
596684415
596814727
597926321
598013977
598219790
598317040
598399946
598623227
598726540
598836883
598898852
598971290
598992352
599084727
599105852
599130977
599198196
599288352
599365790
599445790
599631227
599709540
599802727
599926415
603762102
609528508
609579727
609654227
609717290
609745790
609816477
609842665
609893258
609927071
609981602
610066633
610123633
610144040
610185352
610211665
610244508
610254727
610279258
610303102
610315446
610338321
610350852
610400477
610455102
610499008
610513477
610535571
610558602
610585165
610601133
610639883
610659915
610712290
610723008
610746727
610776946
610813352
610828446
610888946
610910977
610949571
610962790
610995633
611009852
611055915
611069977
611127946
611152102
611168415
611198696
611249915
611294946
611307415
611388915
611425008
611473571
611479915
611508352
611556883
611581540
611623665
611648227
611674102
611704290
611751165
611787758
611810290
611829665
611863165
611900290
611933102
611953758
611976821
612005696
612035508
612091758
612111883
612145915
612170383
612195196
612224790
612246383
612254852
612343352
612405352
612449977
612476196
612492696
612540321
612554383
612575446
612593915
612610040
612715727
612778008
612822821
612884071
612900477
613262415
613322696
613384852
614042696
614183633
614221508
614245290
614293321
614323290
614344071
614358446
614394602
614433040
614473258
614490883
614505727
614528821
614542165
614565415
614581665
614619915
614652290
614676415
614693133
614715227
614746102
614919790
614944790
614953258
615007196
615026040
615061665
615088633
615106165
615124383
615138665
615181227
615211883
615230633
615244383
615288821
615301977
615321290
615397883
615416040
615601040
615617383
615669696
615683258
615702321
615726477
615780915
615847040
615889383
616043165
616081321
616100383
616186665
617447040
617542383
617605227
617670883
617712008
617764258
617783790
617815196
617836665
617857071
617916008
617956321
618025665
618121852
618311040
618801946
618812977
619136071
619192571
619229758
619240196
619261383
619323352
619337602
619379758
619458102
619511602
619557758
619579227
619599258
619641415
619660102
619680508
619759446
619837790
622350040
622369821
622478071
622515821
622707383
622940977
623063040
623615102
623710852
623803071
623966040
624081196
629487040
630399446
631484383
637925758
641004477
641097040
641122352
641170415
641218665
641219665
641239727
641273852
641291165
641322946
641365196
641401102
641460852
641511790
641559446
641587977
641597352
641647821
641684540
641704665
641728040
641803540
641830258
641849446
641883352
641931352
641954852
641988258
642025540
642063071
642094852
642191133
642225977
642269821
642286008
642306977
642326290
642366290
642409852
642450790
642501977
642536852
642586165
642622571
642661415
642733290
642801821
642821102
642837008
642904790
642933102
642960821
642968758
643014383
643045383
643121071
643148946
643180008
643190571
643254227
643266727
643318790
643351633
643418383
643482540
643529852
643621633
643673290
643714415
643756915
643793446
643800883
643865477
643907290
643919196
643993258
644032852
644046008
644071696
644124727
644173321
644193227
644209633
644290977
644357102
644371477
644447383
644493446
644587727
644641352
644687071
644750040
644829758
644902602
644949540
645026352
645103321
645258883
645334915
645478633
645525383
645538946
645601821
645651946
645666446
645743758
645780477
645838040
645921446
645960883
645981040
646042321
646073102
646225727
646242758
646299508
646362196
646454102
646517352
646575946
646639508
646708571
646829633
647215821
647377883
647545040
647630415
647835196
647932821
648047790
650895883
650959727
651090446
651162508
651239883
651343102
651455227
651548946
651673946
651814290
651888758
651970196
652063008
652140383
652266415
652351227
652484758
652604790
652682665
652781290
652887196
653100102
653174571
653233602
653456727
653520196
653574977
653747415
653755883
653836383
653994383
654204415
654334258
654390665
654641102
654753633
654890540
655034790
655288946
655397352
655469040
655586852
655588758
655686477
655778227
655905165
655965008
655974446
656089633
656127665
656220290
656322915
656486790
656792133
656848258
656923946
657356227
657431571
657588352
657732790
657817508
657917758
658069915
658176196
658299227
658535258
658906008
659005290
659118665
659402196
659458977
659576352
659738102
659835540
659875227
659979758
660209790
660287977
660347446
660517633
660582602
660745258
660815540
661185415
661210290
661300508
661487321
661609665
661729477
661779633
661821790
661894696
662014071
662151321
662230915
662468196
662558415
662719540
662813571
662878227
662979071
663071540
663129852
663231258
663284102
663405883
663568196
663636290
663671727
663752633
663856977
663964821
664091290
664208227
664294852
664399508
664596571
664620727
664685133
664909696
664944915
665022383
665110446
665293758
665358383
665516102
665616665
665727915
665847258
666054508
666332633
666408790
666416602
666524352
666626258
666749790
666858915
666999352
667058852
667185508
667301133
667379290
667420352
667516133
667848883
667982227
668062508
668233008
668613946
668746227
672232571
672336321
672462508
672546415
672634477
672737758
672940602
673021227
673103540
673185571
673403508
673459477
673567571
673687352
673781040
673938446
674024508
674251540
674402821
674502133
674625571
674774915
675066290
675163758
675378165
675478602
675845352
676252446
676832133
676947383
677039133
677203571
677347071
677863915
678177196
678251508
678364633
678432040
678529727
678633790
678654352
678687071
678695633
678735852
678863258
678924540
678966258
679046040
679053602
679090696
679167915
679210196
680613665
680798383
682162258
683063977
683824758
684132696
684388696
684465571
684728321
684800727
684865133
685008446
685114790
685151102
685180821
685261071
685339133
685384477
685451946
685493508
685535633
685600540
685655008
685726790
685797696
685847071
685895821
686028602
686118133
686257946
686271290
686382571
686549352
686721040
686811196
686946727
687349946
687550352
687659477
687822477
687831821
688026665
688126633
688348415
688936852
689238446
703277977
703503758
703590415
704027446
704295196
704558571
705062133
705181508
705361071
707663008
707717321
707777540
707857852
707921446
707961102
708013290
708122477
708153446
708216727
708287383
708318883
708345540
708406071
708464977
708509290
708552071
708634477
708680508
708690227
708745915
708796227
708812946
708861258
708947008
708978227
709051602
709065540
709126071
709211133
709267008
709290196
709368102
709419696
709487883
709503540
709552915
709601727
709668633
709712008
709750758
709893383
709973196
710020008
710056633
710123446
710144383
710235321
710519696
710535383
710698633
710776602
710868227
710960477
711019602
711079165
711158227
711195883
711335758
711534665
711647852
711897196
712033915
712286602
712333696
712466008
712536852
712801915
712934790
712980196
713046165
713094758
713168165
713252383
713360383
713524790
713659852
713812915
713971133
714173665
714422946
714477133
714611540
714681665
714753258
715767977
715855133
715944196
716144821
716291727
716942102
717166915
717372633
717493383
717578852
717685258
717791227
718047758
718167383
718351383
718398696
718504883
718555946
718632758
718707008
718796258
718984508
719041227
719238133
719444008
719663071
719717133
719893071
719995790
720082040
720145821
720179227
720223602
720294633
720476196
720537633
720599008
720641321
720687008
720741165
720857008
721786415
722124821
723589352
723626571
723665258
723746852
723879758
723994602
724086821
724158821
724290508
724329915
724426977
724456008
724541446
724598290
724633633
724705196
724871508
724941415
725007133
725072321
725113165
725167977
725224821
725807665
725937477
726082290
726237790
726261258
726285383
726344508
726382071
726493446
726535165
726631665
726777540
726886821
726927852
726979352
727033133
727084696
727122040
727199071
727296415
727313602
727361446
727429196
727484727
727581508
727648821
727726321
727804165
727861696
727958883
728166352
728815883
729327290
730154383
730336946
730507040
733444196
733508102
733552071
733569883
733620571
733653008
733712571
733816696
733847821
733899446
733918133
733978040
733995727
734002977
734040133
734054727
734062977
734108071
734132321
734150727
734170008
734190102
734218727
734244696
734253946
734299321
734307165
734326727
734362508
734380508
734415852
734451977
734491633
734518946
734541758
734587821
734621008
734631633
734639508
734663040
734674883
734694133
734720008
734734665
734754446
734778008
734797977
734807040
734859758
734879665
734906290
734917196
734966446
734991758
735012415
735030258
735108852
735181508
735208383
735250321
735267727
735296727
735314977
735367290
735453415
735477383
735517227
735524352
735594321
735608165
735655852
735670665
735754665
735833852
735853696
735876977
735892508
735901133
735918508
735939071
735972665
735998758
736054415
736073446
736101321
736139790
736169696
736177790
736196258
736247290
736280290
736289758
736311415
736349383
736434727
736443540
736541790
736583540
736623852
736648915
736662290
736679415
736727196
736869540
736878290
736932196
736953540
736974446
736989383
737078571
737100102
737117633
737210696
737269571
737288696
737352165
737371446
737399602
737467196
737505040
737558602
737610133
737796415
737822727
737873008
737940665
737962008
738002508
738093290
738102196
738113758
738195446
738239633
738335102
738410821
738431071
738521415
738608540
738616383
738635508
738652665
738789977
738919415
738931633
738945040
739094133
739161571
739302852
739413008
739430758
739518352
739608883
739672852
739740040
739842040
739913133
739993321
740061321
740138758
740269133
740374727
740441633
740465008
740548415
740583352
740609071
740803602
740848227
740901133
741001290
741029540
741135633
741285571
741432665
741513821
741532571
741589477
741699727
741721665
743728790
744340071
744462883
744550633
744683196
744854008
744968133
745003415
745023290
745038040
745150383
745266383
745290040
745321508
745328790
745355758
745401977
745453977
745495321
745538602
745584321
745602852
745627383
745666352
745709946
745772540
745819352
745912602
746048196
746058727
746103196
746191540
746237946
746332383
746353540
746472633
746548415
746599477
746623977
746656008
748353727
751135321
751390321
751446477
751646133
751730040
751995477
752120258
752185540
752390258
752505883
753523008
753678165
753928008
753992383
754413633
754724790
755210915
757230133
757942696
758069102
758406102
758743790
759187571
759708352
764545540
766507633
766617571
766704946
766797008
766953352
767058133
767264602
767286290
767355446
767424790
767495258
767730258
767880383
767904040
767972008
768495540
768598508
768770258
768999008
769217602
769736102
769833633
769977571
770092571
770210540
770468040
770497102
770953696
771077321
771527196
772756821
772917665
773789821
773945602
774340258
774421477
774527040
774650977
774749008
774848227
774973352
775241040
775481508
775608321
775799821
775884102
775975696
776325946
776503415
776785915
776844946
776996258
778135258
778611383
778665977
778787227
778829696
779036071
779518883
779901790
780127540
780297133
780451665
780567977
780590665
780625102
780666696
780715165
780766790
780802508
780824821
780841008
780909915
780922665
780991258
781019477
781050008
781064258
781114790
781135446
781153977
781207415
781314852
781335727
781419790
781457102
781481821
781537852
781570633
781581852
781611321
781670665
781682790
781730290
781785383
781812727
781837040
781860883
781915165
781941133
781975602
782014321
782031602
782067352
782076758
782117196
782211696
782236571
782289446
782354196
782459821
782524540
782696258
783080227
783215071
783294227
783334415
783394196
783411321
783464727
783529727
783555790
783604977
783688008
783706665
783750227
783760727
783791758
783808258
783854071
783883352
783913446
783925883
783974133
784013352
784088321
784132071
784168227
784233790
784247727
784285883
784317446
784368227
784389133
784426852
784460258
784569352
784589415
784606790
784637946
784677446
784700571
784710258
784721352
784777727
784802008
784858852
784880665
784964477
785000352
785059446
785076196
785090446
785146165
785159165
785258008
785344383
785409727
785466008
785572790
785643665
785735196
785866071
786201883
786338790
786453102
786565758
786629852
786658071
786684352
786708383
786733633
786748477
786778415
786810758
786859352
786878258
786886071
786926196
786944258
786953696
787111321
787178540
787297602
787360696
787445477
787660883
787721008
787785915
787808571
787995008
788073758
788285946
788418352
788518258
788552290
788582290
788615102
788634040
788655477
788719196
788739602
788793758
788842758
788916852
788952977
788975008
789040946
789098446
789155790
789200633
789244821
789314977
789389352
789693696
789845977
790145977
790406821
790496040
790524102
790544352
790864071
790908633
791061633
791141352
792432321
794013008
796102071
796787602
799202790
805082477
805556602
807690727
810852071
827063415
827872290
833080352
833340071
834488477
834557196
834591571
834636977
834680102
834718852
834751852
834777227
834906696
834982883
835036477
835066665
835100883
835134696
835154165
835199883
835221352
835353352
835457571
835622477
837015071
837537383
840223071
840520040
841274446
841433633
841502071
841556790
841789196
841856508
841896477
841972571
842222571
842416133
842643696
843027352
844551633
844783633
844828165
844946571
845017196
845098477
845166571
845216227
845268321
845375008
845454821
845611758
845657321
845722571
845773821
845804508
845856696
845942133
846081540
846150758
846217977
846376883
846542571
846576040
846607946
846842165
847360102
847624290
847719915
847873352
847908883
847981540
848109071
848171165
848354383
848559727
848758477
848858227
848893383
849160165
849319727
849571071
849724383
850098758
850376290
850476446
850569008
850694383
851057165
851168446
851287133
851531415
851641071
851773352
852284383
852364883
852482446
852586508
852710790
852839321
853116915
853326665
853483196
853570196
853649133
853731415
854018758
854306758
854496727
854536758
854659665
854784915
854911196
855017227
855128196
855239915
855470258
855611508
855766790
855891415
856133540
856250102
856343602
856742008
856963540
867254571
867587102
867731352
867875915
873605727
873738102
873907352
874037071
874279727
874294477
874379571
874510227
874595727
874682258
874726602
874775790
875244540
875317727
875364258
875425071
875480383
875522727
875645696
875781352
875803946
875815508
875878790
875889821
875988727
876053446
876079133
876116446
876162977
876215071
876296196
876341696
876383446
876399571
876438290
876467477
876502790
876532540
876578727
876588102
876619540
876651665
876698071
876774071
876833665
876886852
876914696
876960227
877024696
877055571
877085602
877102352
877140102
877190008
877240383
877282415
877312727
877336602
877367196
877379571
877390071
877459352
877516321
877556196
877595477
877645071
877721977
877765446
877817477
877843571
877913383
878009446
878121133
878285102
878327915
878391352
878452696
878527790
878678446
878749602
878790071
878970540
879065258
879118008
879187321
879247477
879373758
879709852
879765071
879813821
879876540
880043321
880389321
880508571
880692008
880920071
881208008
881278227
881364165
881466727
881569165
881624040
881670071
881705477
881717227
881833008
881980665
882051446
882156415
882165321
882182915
882210446
882239165
882320477
882382165
882414321
882430852
882443696
882466258
882528946
882555915
882609883
882663133
882683883
882801008
882898508
883000102
883135602
883172758
883211071
883224133
883326883
883460665
883567477
883666727
883891196
883911508
884038165
884156883
884256258
884332165
884556571
884602383
884618383
884643758
884659321
884725602
884804977
884856915
884899790
884913540
884941915
885001133
885054102
885152977
885347071
885403008
885502071
885634758
889125415
892969071
893034102
893090915
893135415
893147915
893198040
893233258
893309696
893361946
893427633
893484227
893520258
893545133
893562571
893573008
893616415
893637665
893664258
893677321
893749883
893809477
893826227
893886165
893921008
893932915
893972508
894000946
894013633
894025665
894107290
894129477
894157727
894195790
894252758
894296383
894324290
894348415
894360258
894408915
894457540
894489383
894565883
894575196
894667540
894748258
894781696
894880446
894972290
895056821
895249071
895327196
895501008
895536040
895647133
895698946
895769790
895806665
896043571
896082258
896105352
896145352
896173196
896235477
896255758
896309321
896369352
896427665
896610508
896711852
897085321
897170977
897186852
897229071
897280383
897352727
897451008
897480133
897539196
897603665
897660133
897728008
897910696
897928633
897961508
898028790
898162946
898233071
898250852
898353477
898435665
898506352
898636040
898818165
898955415
899090946
899266946
899421727
899506290
899642665
899749071
900186915
900255696
900350227
900518415
900557258
900675165
900770508
901386852
902242665
903197071
912442946
912805821
913081133
913104883
913361571
913405727
913443227
913501946
913575040
913617196
913645508
913674665
913825102
914392040
914528727
921338227
921440696
921478790
921589008
921715883
921804290
921882665
922089602
922413602
923019383
923121290
923159290
923200290
923279290
923313102
923370602
923406258
923504102
923758977
924348571
928305571
928528227
928583415
928969946
929033227
929116352
929259290
929333352
929444977
929613227
929758446
929954008
930598758
930699008
937356790
937442446
937509633
937606540
937742602
937841258
937949258
938103758
938327133
938410071
938790196
939571821
943030446
943135227
943242071
943591602
943871696
944010790
944679727
944807321
945017852
945148477
945421852
945433758
945521071
945579758
945714758
945754258
945810321
945888446
945953508
946025540
946187508
946240290
946284821
946342883
946407133
946468883
946653165
946706790
946757977
946802602
946882883
947015540
947049383
947082383
947183352
947227227
947399133
947414946
947475008
947547571
947578383
947655821
947797508
947861352
947987633
948184977
948221540
948403040
948457071
948482790
948549165
948624477
948723790
948848602
948902415
948967165
949066071
949184790
949280540
949323633
949426758
949438633
949503852
949545196
949703727
950019008
950064446
950378477
950473665
950570696
950621415
950667633
950757290
950859977
950920571
951032383
951122165
951183290
951253165
951325165
951442540
951546290
951586352
951655196
951753196
951781665
951887540
952183133
952325008
952424446
952610602
952637790
952912290
955161977
955681102
955741977
955856665
955902040
955956977
956074883
956260196
956391227
956565258
956644071
956789508
956876571
957031602
957095227
957178508
957350790
957647196
957716352
957818883
957895790
957980321
958054227
958085602
958172415
958342196
958447977
958545727
959316196
959598758
959722758
960092477
960210102
960457790
960584571
960639290
960758102
960827383
961000415
961088727
961332008
961463915
961698446
961823852
961918008
962019290
962154258
962287383
962347383
962440852
962787821
975568540
975640196
975707102
975813290
975892508
975919977
976007727
976090196
976243790
976705852
976898258
976986665
977059977
977203102
977257727
977392571
977497071
978717383
987818352
987895040
987948008
987969790
988024883
988048352
988069790
988112446
988128758
988157665
988191696
988204321
988241633
988267821
988280383
988299290
988325321
988334946
988359102
988378946
988390883
988411352
988419727
988443415
988455727
988483102
988499383
988509415
988527852
988556758
988578290
988592196
988602383
988627415
988655165
988675415
988689227
988706446
988723352
988730665
988770133
988786883
988808102
988819102
988836258
988854977
988903352
988915446
988933352
988967821
988986571
989028415
989037540
989061790
989075852
989099446
989118946
989139727
989190946
989205696
989222227
989287352
989299852
989325758
989342915
989371352
989394727
989431165
989444852
989472133
989487540
989508665
989516946
989530102
989570352
989630540
989676915
989709758
989725790
989779571
989802352
989811290
989821165
989839352
989849852
989973571
989984696
990014540
990076977
990116508
990142727
990195321
990209915
990236758
990253165
990308852
990342821
990364946
990391383
990435415
990500665
990552352
990620321
990667602
990703633
990729508
990744352
990764977
990829446
990903008
990971071
991124508
991138446
991146352
991202915
991237290
991289883
991425383
991453102
991477102
991509071
991537696
991579071
991648790
991744540
991788321
991875258
991898227
991907633
991924165
991938290
991952977
992038102
992060133
992091696
992114883
992187415
992235508
992315821
992387602
992485196
992531790
992554727
992604446
992629258
992654196
992697571
992727977
992739165
992750133
992780602
992820071
992861883
992921102
992949758
992970008
993002790
993063821
993087040
993141102
993180477
993240102
993320727
993341040
993376165
993397383
993417696
993455727
993475352
993482446
993495633
993580727
993626102
993645758
993678915
993712883
993730352
993747977
993766165
993828227
993856258
993925633
993976758
993994946
994018602
994050196
994070165
994120196
994135477
994190977
994209446
994230071
994286165
994336102
994418758
994486352
994547196
994575696
994609196
994689196
994712696
994777852
994821915
994909290
995000540
995028696
995129227
995144977
995162883
995191008
995275102
995290477
995357071
995478883
995604633
995719477
995741227
995820165
995852040
995897602
995910415
995958352
995971008
996097196
996111321
996127508
996228290
996271758
996354415
996383071
996452540
996495352
996513821
996523883
996544665
996565665
996620383
996641946
996658415
996669071
996727977
996758852
996792790
996826821
996846071
996875383
996924727
996946602
997011290
997054196
997151008
997204758
997307133
997400477
997461758
997564415
997728227
997854790
997872258
998020415
998089071
998132133
998158040
998228852
998247977
998317571
998371758
998497946
998564165
998613290
998635258
998656071
998712540
998748602
998789102
998805071
998928071
998998477
999177696
999284415
999324321
999378977
999446758
999556571
999690977
999783821
999810040
999973852
1000087540
1000156102
1000355446
1000550852
1001111352
1001214508
1001242977
1001296133
1001377040
1001434758
1001488508
1001546727
1001571102
1001596477
1001624258
1001654040
1001693133
1001744852
1001767196
1001800540
1001843290
1001869133
1001897602
1001982446
1001998258
1002022508
1002039290
1002108540
1002160821
1002214196
1002259290
1002379602
1002399852
1002454321
1002530821
1002580883
1002615383
1002646977
1002702727
1002723633
1002749446
1002790133
1002842196
1002932477
1002948165
1003087133
1003193977
1003287321
1003564665
1003654102
1003735758
1003930446
1004076008
1004146040
1004169602
1004303415
1004402383
1004431352
1004715946
1004822602
1004856227
1004926290
1004990790
1005063133
1005124196
1005220758
1005315258
1005363508
1005376633
1005468790
1005485727
1005532665
1005603852
1005639383
1005699696
1005833883
1005901852
1006096040
1006250915
1006336165
1006465540
1006564727
1006834446
1006985540
1007110040
1007177321
1007443415
1007661040
1007756008
1007800977
1008137696
1008147696
1008283165
1008336415
1008412415
1008538602
1008620227
1008717290
1008823602
1008981352
1009095508
1009187602
1009265133
1009383477
1009509383
1009723540
1009756790
1009805227
1010316883
1010749665
1010819665
1010918977
1011019352
1011115102
1011198508
1011209227
1011294508
1011442321
1011533290
1011641383
1011768540
1011795696
1011919102
1011985227
1012177290
1012266540
1012466790
1012557102
1012731852
1012840665
1012982477
1013024727
1013061883
1013242852
1013362821
1013582321
1013753258
1013909008
1013984102
1014071446
1014201196
1014214883
1014310071
1014449321
1014494790
1014650602
1014665602
1014691446
1014737071
1014908508
1015102133
1015178352
1015251040
1015369883
1015523633
1015628790
1015714227
1015828102
1015922446
1016045258
1016122290
1016451977
1016579946
1016709415
1016867196
1016943102
1017120946
1017175915
1017338571
1017369102
1017445665
1017551133
1017776602
1017828196
1018041571
1018096165
1018176446
1018262227
1018319415
1018437727
1018506321
1018732258
1018807040
1018941540
1019139821
1019438790
1019773102
1019843883
1019954227
1020008915
1020081383
1020115383
1020127977
1020176102
1020287727
1020334071
1020375946
1020460821
1020502383
1020529946
1020571290
1020589477
1020606446
1020682196
1020693477
1020705915
1020766165
1020774227
1020844040
1020858290
1020873165
1020907383
1020967415
1021034852
1021136883
1021181196
1021197727
1021251540
1021263665
1021428258
1021537321
1021711852
1022166477
1022198727
1022362383
1022570602
1022713040
1022846696
1023265540
1023629633
1023651008
1023833290
1023959290
1024060383
1024177008
1024295665
1024935071
1025115540
1025279915
1025503071
1025518415
1026362633
1026420071
1026493383
1026617977
1026707696
1026878852
1027000446
1027129915
1027405821
1027545633
1027655446
1027837133
1028258102
1028614696
1028712008
1028798915
1028951321
1029161946
1029358727
1029467196
1029550477
1029690227
1029841102
1029940758
1030030821
1030295540
1030418446
1030582321
1030655196
1030768696
1031147571
1031239165
1031353133
1031570883
1031754477
1032369290
1032567540
1032717696
1033055352
1033409946
1033556821
1033687258
1033955227
1034090290
1034182821
1034285383
1034379508
1034466071
1034545290
1034670602
1034981165
1036024790
1036156477
1036724727
1036761790
1036854290
1036915258
1036981946
1040132915
1040174508
1040187227
1040210258
1040222696
1040238415
1040264165
1040282196
1040381727
1040417633
1040440758
1040462915
1040474977
1040543727
1040584008
1040684446
1040713883
1040835102
1040906383
1040925321
1040944633
1041008946
1041083196
1041160352
1041195821
1041322133
1041371008
1041439008
1041528290
1041615508
1041754415
1041919727
1042086727
1042235196
1042549540
1043100227
1043383446
1048217790
1048696040
1049084352
1049201852
1049271227
1049485383
1049616540
1050001008
1050354133
1052797446
1052911415
1052934133
1053005571
1053064821
1053179696
1053208383
1053238415
1053299133
1053375540
1053467196
1053575852
1053697696
1053756102
1053866571
1054281727
1054647415
1054811727
1054905446
1055042415
1056015258
1056350696
1056558758
1056684571
1056750571
1056871227
1057070665
1057152790
1057204383
1057317071
1057429102
1057537290
1057631946
1057922040
1060951227
1062723571
1063932102
1066670133
1067143915
1067194227
1067244477
1067366508
1067469571
1067565696
1067597258
1067727790
1067791477
1067901196
1067976915
1068001071
1068072790
1068279071
1068372165
1068588165
1068686383
1068835977
1068914290
1069192227
1069421008
1069601321
1069684477
1070347821
1070567383
1070743790
1070812915
1070937352
1071095883
1071148040
1071267790
1071481602
1071923665
1072057352
1072235508
1072350571
1072943040
1073239883
1073525383
1073595133
1073889633
1074016883
1075859821
1075944915
1076013696
1076040196
1076067571
1076174258
1076263852
1076331196
1076365227
1076436446
1076449727
1076509258
1076579727
1076610352
1076650915
1076665133
1076683508
1076691133
1076700415
1076726227
1076738321
1076790852
1076805665
1076822508
1076854915
1076875415
1076961790
1077002508
1077020415
1077033883
1077068102
1077088852
1077206196
1077247633
1077303415
1077351258
1077400602
1077418446
1077436633
1077450508
1077512383
1077629196
1077651102
1077670008
1077772133
1077790540
1077798290
1077832352
1077864352
1077923946
1077957196
1077999696
1078024040
1078073508
1078167227
1078204446
1078221915
1078238508
1078311383
1078348790
1078401977
1078427321
1078571258
1078599946
1078623133
1078692477
1078721383
1078740258
1078761602
1078810915
1078836258
1078885008
1078929165
1078960665
1078996477
1079034633
1079112133
1079168008
1079287821
1079327196
1079363727
1079375321
1079411633
1079440352
1079528790
1079547665
1079562008
1079594946
1079605665
1079707852
1079731665
1079804321
1079830415
1079867040
1079899727
1079968352
1080028665
1080084477
1080118758
1080157602
1080174915
1080214415
1080226446
1080234415
1080262477
1080304165
1080355102
1080425446
1080498883
1080614571
1080645165
1080655602
1080771071
1080832102
1080865196
1080897571
1080946727
1080972477
1081042977
1081125508
1081193915
1081216446
1081237196
1081255477
1081295915
1081329258
1081351665
1081375008
1081392352
1081427727
1081477290
1081534258
1081553071
1081601821
1081692883
1081834477
1081949915
1082016446
1082106602
1082159321
1082236946
1082288165
1082353196
1082420133
1082501727
1082697196
1082859133
1082892665
1082948852
1083014446
1083085696
1083103758
1083163508
1083209821
1083269508
1083398290
1083420852
1083518727
1083632227
1083732040
1083833071
1083865258
1083900696
1083950852
1083971665
1084035227
1084061758
1084096383
1084112727
1084420790
1084580852
1084718758
1084791946
1084981165
1085109977
1085236446
1085456571
1085510602
1085518196
1085586196
1085611883
1085639165
1085706633
1085756571
1085782696
1085803227
1085826477
1085930946
1085945133
1086016227
1086064696
1086172540
1086240258
1086291102
1086500258
1086557633
1086624571
1086713696
1086730790
1086819696
1086838540
1086935290
1087009665
1087057602
1087101165
1087174790
1087283696
1087322727
1087375758
1087397477
1087430477
1087630946
1088504290
1088837915
1089316852
1089914133
1089996040
1090221508
1090297352
1090401540
1090547227
1090727446
1090803727
1091120102
1091222446
1091516133
1091564977
1091738477
1091902227
1092057071
1092502946
1092577946
1092641165
1092726602
1092943727
1093051102
1093248102
1093356477
1093491758
1093541133
1093569915
1093643602
1093702915
1093721290
1093746102
1093865915
1093987540
1094107821
1094159571
1094225477
1094286008
1094473352
1094564696
1094667196
1094828227
1094958883
1095068290
1095136352
1095218227
1095380540
1095419071
1095521946
1095657727
1095744165
1095779915
1095900415
1096068915
1096077665
1096104821
1096303008
1096452133
1096510633
1096542540
1096570415
1096641571
1096740196
1096772665
1096848446
1096899758
1096970758
1096993290
1097016790
1097028040
1097104633
1097142321
1097152790
1097202321
1097233665
1097293540
1097446946
1097488008
1097505477
1097640415
1097776821
1097849852
1097942602
1098079790
1098157665
1098240540
1098364696
1098394540
1098491102
1114365602
1114655883
1114981508
1115171977
1115244915
1115302008
1115339727
1115383321
1115441696
1115511196
1115541383
1115618040
1115673852
1115713883
1115754727
1115811040
1115913852
1116039196
1116043915
1116087571
1116234477
1116274946
1116289008
1116433008
1116501352
1116563415
1116730133
1116843040
1116891571
1116947508
1117015508
1117026696
1117111665
1117162446
1117245321
1117376571
1117388196
1117695758
1118151133
1118215040
1118247946
1118293133
1118367477
1118396040
1118434196
1118444571
1118486790
1118595508
1118632665
1118700852
1118800040
1118866727
1118955883
1119020133
1119097196
1119153165
1119233883
1119305040
1119394321
1119447540
1119489633
1119560290
1119625540
1119709446
1119776383
1119827883
1119904352
1119966352
1120026540
1120071258
1120474727
1120840727
1121006133
1121107852
1121583352
1126668165
1128440352
1130096477
1130376915
1130962165
1131359821
1137457852
1137531696
1137614696
1137705477
1137774133
1137850602
1137886446
1137926321
1137947227
1137984665
1138031102
1138055446
1138063352
1138101633
1138191633
1138252633
1138317758
1138347540
1138431321
1138447227
1138475852
1138534165
1138580040
1138628946
1138670258
1138703133
1138734665
1138801633
1138923227
1138963133
1139041008
1139096758
1139128696
1139179258
1139266665
1139322540
1139373133
1139464665
1139494602
1139558321
1139604571
1139647477
1139679040
1139711383
1139780571
1139846790
1139883633
1139939415
1139970665
1140013321
1140075571
1140176258
1140226915
1140304946
1140336415
1140463196
1140561352
1140648258
1140819102
1140970196
1141211290
1141445602
1141513008
1142080696
1142500227
1142739446
1142775477
1142929008
1143152602
1143236696
1143303602
1143397477
1143491727
1143532133
1143566852
1143595133
1143630633
1143718696
1143737852
1143754133
1143765008
1143773415
1143820165
1143853883
1143876352
1143910946
1143935602
1143946790
1143961602
1143986790
1143998008
1144028852
1144067790
1144077696
1144108133
1144123915
1144147758
1144166040
1144242446
1144274415
1144295477
1144307790
1144322008
1144341321
1144358102
1144367415
1144395727
1144431352
1144507258
1144548071
1144596727
1144619477
1144646665
1144780477
1144920102
1144966696
1145016196
1145029790
1145072477
1145106383
1145238915
1145294165
1145329290
1145445852
1145495977
1145667915
1145817571
1145858040
1145940290
1146097133
1146156727
1146189915
1146255852
1146293883
1146380477
1146506508
1146577290
1146641883
1146883727
1146989321
1147088727
1147222227
1147360446
1147674321
1147723477
1147832790
1148025040
1148448727
1148529665
1148671946
1149375790
1149522415
1149679946
1149755196
1149846383
1150035540
1150175165
1150245008
1150291102
1150404758
1150640977
1150714758
1150734383
1150770602
1150822915
1151002540
1151069258
1151173883
1151299102
1151466633
1151657227
1151725008
1151868133
1152070071
1152169071
1152193883
1152200758
1152221321
1152237727
1152279040
1152298071
1152354790
1152404946
1152453602
1152497196
1152568883
1152584758
1152647165
1152726352
1152751883
1152805446
1152833946
1152848508
1152990540
1153032258
1153053477
1153087571
1153151696
1153184571
1153193821
1153232696
1153264071
1153276196
1153303883
1153319883
1153340102
1153366540
1153416352
1153446321
1153526790
1153589946
1153624165
1153651446
1153667727
1153680321
1153693383
1153713133
1153765258
1153898696
1153911790
1153929227
1153990633
1154013508
1154025071
1154049133
1154060790
1154068071
1154106446
1154181602
1154225477
1154238477
1154260321
1154267977
1154295290
1154364883
1154382290
1154395977
1154533071
1154605977
1154625602
1154649352
1154684352
1154733633
1154846665
1154870008
1154903571
1154940258
1154981665
1155018821
1155052196
1155063946
1155094696
1155103821
1155129040
1155167133
1155203227
1155235196
1155264071
1155275446
1155302102
1155314727
1155373071
1155388133
1155411602
1155423446
1155460227
1155500196
1155579790
1155630008
1155684946
1155821290
1155870102
1155900290
1155951040
1155978633
1155994540
1156060165
1156074758
1156147352
1156155602
1156177633
1156231133
1156269790
1156279883
1156292977
1156346758
1156379290
1156420446
1156431446
1156467290
1156526227
1156569696
1156654165
1156725258
1156776665
1156928633
1156983915
1157131665
1157188633
1157222727
1157243883
1157308821
1157331915
1157390915
1157441727
1157493915
1157558633
1157575290
1157632196
1157672727
1157732258
1157873852
1158014696
1158029008
1158233602
1158293446
1158321383
1158394977
1158432258
1158492196
1158550977
1158600321
1158658290
1158765665
1158871258
1158887758
1159004946
1159072165
1159110790
1159122102
1159201758
1159217571
1159236196
1159301790
1159342571
1159398883
1159412883
1159495852
1159546540
1159608165
1159654415
1159700258
1159755008
1159936977
1160066321
1160155633
1161962040
1167467133
1167514227
1167600040
1167690540
1167702165
1167788258
1167807352
1167853446
1167957727
1167994446
1168092071
1168130258
1168175415
1168205102
1168270821
1168328446
1168433821
1168478540
1168484696
1168629602
1168695196
1168746321
1168826071
1168871852
1168910602
1168968227
1168998696
1169030165
1169057477
1169079165
1169149821
1169178133
1169190040
1169219383
1169237227
1169276477
1169297133
1169320571
1169432383
1169504383
1169586290
1169652165
1169673883
1169733727
1169792383
1169860165
1169872071
1169895071
1169927258
1169938946
1169975321
1169996915
1170058540
1170079196
1170094727
1170114290
1170132977
1170168008
1170229165
1170266852
1170304071
1170340696
1170352446
1170393383
1170408665
1170432446
1170445633
1170461321
1170477196
1170495196
1170512227
1170532196
1170653915
1170667383
1170691258
1170706008
1170733290
1170768852
1170782508
1170796633
1170860196
1170902227
1170914852
1170962758
1170981290
1171031852
1171057696
1171087352
1171111790
1171137040
1171199696
1171248321
1171291727
1171342258
1171362071
1171456790
1171494227
1171527540
1171698540
1171749915
1171808821
1171844602
1171888227
1172005821
1172065008
1172083602
1172137227
1172152008
1172176446
1172212977
1172228102
1172325040
1172406821
1172441571
1172478040
1172603727
1172738477
1172843758
1172897758
1172920477
1173078165
1173200508
1173361883
1173400477
1173490508
1173599758
1173676883
1173713415
1173848165
1174051477
1174082821
1174198633
1174223758
1174371477
1174419915
1174508383
1174641258
1174847008
1174918758
1174970571
1175119790
1175177571
1175397977
1175542633
1175597727
1175614227
1175724977
1175939477
1176002258
1176006821
1176192071
1176292290
1176337290
1176525165
1176649727
1177096883
1177367196
1177440665
1177584883
1178409727
1179163196
1179209040
1181083633
1181549821
1181984165
1182116352
1182272852
1183417821
1183757852
1186511008
1186992321
1187003383
1187043446
1187069165
1187095852
1187180758
1187191040
1187256040
1187330196
1187343415
1187401446
1187425446
1187451258
1187460696
1187489383
1187544790
1187564196
1187584008
1187600508
1187616008
1187628196
1187721477
1187787133
1187834196
1187853696
1187978633
1188001196
1188017165
1188032821
1188052258
1188091946
1188169696
1188181852
1188250852
1188270602
1188359196
1188398571
1188483258
1188505165
1188534290
1188565102
1188580790
1188636133
1188660508
1188673071
1188719852
1188746383
1188766383
1188785258
1188817946
1188844727
1188893165
1188944946
1188980290
1189045383
1189091665
1189127321
1189177790
1189205946
1189304883
1189365258
1189405040
1189461602
1189542133
1189584196
1189647040
1189775196
1189867665
1190001227
1190145602
1190212758
1190232821
1190251821
1190275071
1190286196
1190297571
1190307602
1190318508
1190348290
1190403727
1190465758
1190507602
1190537665
1190558196
1190590383
1190620133
1190632758
1190694852
1190717227
1190887446
1190924196
1190965696
1190986071
1191006915
1191110758
1191122040
1191170040
1191241383
1191372571
1191484915
1191604977
1191650602
1191668352
1191747790
1191830915
1192119540
1192154040
1192251321
1192323852
1192426883
1192460977
1192541446
1192560790
1192586758
1192660196
1192682852
1192702977
1192724946
1192796477
1192898227
1192950727
1193078290
1193089633
1193177883
1193270383
1193332133
1193475102
1193571321
1193599196
1193827352
1193904758
1193924415
1193953946
1194059790
1194081290
1194145102
1194183008
1194194540
1194216758
1194225946
1194238383
1194292415
1194320790
1194354571
1194374258
1194412321
1194438665
1194459290
1194473852
1194503665
1194612133
1194716852
1195303165
1195410196
1195463540
1195502665
1195570321
1195587602
1195634633
1195701040
1195736102
1195763196
1195886508
1195957415
1196058696
1196147477
1196235383
1196362727
1196419883
1196464446
1196492446
1196653883
1196769071
1196978915
1197068352
1197174321
1197348196
1197403696
1197434071
1197574790
1197621696
1197726540
1197986477
1198035633
1198285508
1198344258
1198504696
1198626540
1198855290
1198914602
1199113852
1199336821
1199465196
1199705321
1199762790
1200236165
1200406040
1200708477
1200823008
1201231383
1201296883
1201425696
1201981383
1202277227
1202423915
1202589040
1202702196
1202844821
1203194102
1203298415
1203371165
1203561790
1203651071
1204551040
1204638946
1205409290
1205524133
1205740852
1205857571
1205875821
1206016915
1206362477
1207470165
1207683321
1208029008
1208149477
1208401258
1208499883
1208810415
1209159196
1209239602
1209398696
1209988883
1210115071
1210218633
1210354133
1210381665
1210667415
1210928071
1211059727
1211497508
1213375758
1213758727
1214102008
1217646540
1218420883
1218500415
1218649508
1218715915
1218898040
1219050446
1219229446
1219372540
1219482946
1219599446
1219703290
1220006415
1220102633
1220332758
1220454415
1220511883
1220640258
1220721696
1220741821
1220847165
1221068602
1221231727
1221282727
1221339227
1221401352
1221457758
1221605446
1221659196
1221799758
1221842258
1221911133
1221970227
1221989165
1222059883
1222101727
1222156508
1222205852
1222274321
1222358665
1222448977
1222502196
1222579696
1222594790
1222638665
1222713883
1222739008
1222843852
1222914196
1222944508
1222970915
1223044071
1223107602
1223148883
1223356852
1223471290
1223545165
1223964071
1224108696
1224322133
1224406383
1224463602
1224491508
1224605227
1224757821
1224836758
1224924290
1225014821
1225185946
1225221446
1225365540
1225440196
1225577727
1225668602
1225778165
1225896758
1226016383
1226080602
1226193665
1226314227
1226347571
1226414540
1226470040
1226568571
1226643633
1226746227
1226828571
1226921602
1227067821
1227175008
1227266040
1227364946
1227383383
1227463415
1227493602
1227838790
1227948540
1228014008
1228116227
1228275477
1228513446
1228653321
1228688977
1228857571
1228965008
1229127227
1229268383
1229383540
1229539602
1229773446
1229920008
1229942133
1230029633
1230268852
1230376196
1230427071
1230583696
1230669102
1230736852
1230802758
1230841071
1230884508
1230949946
1230979227
1231043977
1231138352
1231289040
1231340915
1231456602
1231580508
1231788508
1231852852
1232014415
1232227790
1232291258
1232432102
1232624102
1232694508
1232763040
1232821008
1232933040
1232998133
1233039352
1233099915
1233115102
1233151977
1233167852
1233240477
1233375696
1233419258
1233472258
1233511852
1233586883
1233885665
1233918446
1234034196
1234073165
1234151196
1234244540
1234288321
1234343508
1234425508
1234608602
1234951446
1235845196
1235926415
1236230383
1236303008
1236479477
1242119883
1245747883
1253828946
1253956415
1254111665
1254382946
1254619102
1254950758
1255000883
1255234571
1255379821
1255548758
1255787196
1255857696
1255939571
1256084383
1256136852
1256235446
1256279946
1256393352
1256486040
1256546352
1256587040
1256693852
1256777071
1256854790
1256976852
1257073477
1257110821
1257148290
1257173321
1257196071
1257249352
1257281540
1257315008
1257354633
1257467290
1257491258
1257515696
1257584352
1257624696
1257673790
1257779321
1257874415
1258056071
1258455540
1258700477
1258759071
1259177821
1259475633
1259550196
1264137665
1265105227
1265127821
1265185758
1265268915
1265292258
1265327665
1265356540
1265366602
1265381415
1265425321
1265444383
1265479321
1265490415
1265504196
1265517227
1265536508
1265555665
1265604133
1265629727
1265663352
1265704946
1265713696
1265757727
1265850602
1265892790
1265944977
1265999946
1266122633
1266209852
1266281165
1266349540
1266451758
1266591508
1266654290
1266674571
1266789852
1266856133
1267022102
1267366821
1267463196
1267738258
1267987915
1268132508
1268644633
1268820040
1271108415
1272961696
1273188821
1274879821
1274919946
1274992977
1275183383
1275533602
1275744227
1275785352
1275824196
1275861446
1275900196
1275984321
1276061633
1276080727
1276129352
1276194196
1282251040
1282270540
1282329790
1282440758
1282502852
1282577821
1282647696
1282747446
1282825821
1282931290
1283503352
1285440821
1286180633
1291919258
1292041008
1292050633
1292099665
1292134258
1292156977
1292183415
1292194258
1292230508
1292280508
1292305508
1292484633
1292537915
1292568071
1292610977
1292645946
1292679008
1292698540
1292726290
1292738633
1292746165
1292771883
1292813352
1292826040
1292848665
1292915821
1292941915
1292980977
1293013821
1293048196
1293081696
1293139571
1293178821
1293284696
1293295196
1293332883
1293344602
1293536165
1293598446
1293662571
1293722321
1293778758
1293830727
1293885040
1294122071
1294188040
1294274071
1294373602
1294407602
1294516977
1294630758
1294703540
1294854008
1294936165
1295091352
1295171258
1295219727
1295290508
1295366040
1295436602
1295485352
1295630946
1295724915
1295874852
1295927633
1296002008
1296077446
1296223008
1296353540
1296494758
1296625696
1296680290
1296746540
1296805196
1296846477
1296917852
1296979071
1297062508
1297093540
1297244383
1297436696
1297548852
1297676040
1297737133
1297899915
1297978540
1298058852
1298132477
1298161571
1298258290
1298358602
1298414227
1298515946
1298611321
1298779633
1299008477
1299196477
1299343915
1299592227
1299714040
1300138071
1300196008
1300298165
1300398352
1300456633
1300537977
1300568227
1300665915
1300726008
1300794665
1300807696
1300902633
1300995165
1301119727
1301149102
1301228946
1301291571
1301392477
1301605696
1301754227
1301833821
1301913477
1301963290
1302196571
1302395915
1302583196
1302690696
1302746633
1302815290
1302991290
1303066540
1303280696
1303629321
1303681165
1303747102
1303789946
1303839540
1303862540
1303902477
1304028946
1304157008
1304271290
1304464508
1304524258
1304672415
1304732977
1305108133
1306559196
1306741790
1306835008
1306858633
1306993508
1307115540
1307178883
1307836071
1308646540
1308681540
1308728790
1308826696
1308944258
1309030633
1309114290
1309277383
1309462321
1309654727
1309699008
1309905133
1312592915
1319887540
1320284602
1320375383
1320514415
1320715508
1321223571
1321766821
1322096665
1324999508
1325106946
1325250196
1326966008
1327179415
1327292540
1327366540
1327456571
1327544258
1327666102
1327808352
1335556915
1345833071
1347245446
1348366227
1349844883
1349959790
1350086852
1350202446
1350332758
1350383008
1350457727
1350691852
1350788415
1350945352
1354437352
1354560133
1355115883
1362558102
1362635352
1362706102
1362773883
1363026008
1363103883
1363252196
1363349852
1363459883
1363516508
1363681571
1364758665
1367138040
1367222415
1367268008
1367365727
1367399821
1367496383
1367619977
1367702352
1367759602
1367821540
1368083852
1368141602
1368205133
1368260352
1368339102
1368473571
1368567352
1368603477
1368674196
1368824852
1368899321
1368968540
1369149477
1369296008
1369357915
1369422633
1369556008
1369679102
1370664415
1370903883
1371606008
1375521727
1378509665
1379021883
1379197133
1379286852
1379376071
1379570383
1379731258
1380942415
1381085321
1381201258
1381514008
1385714727
1385755727
1385794133
1385846571
1385863790
1385924383
1385940165
1385980446
1386037352
1386103508
1386148165
1386174008
1386227696
1386343477
1386439883
1386516883
1386560165
1386610258
1386642977
1386721102
1386736665
1390195321
1390311540
1390342696
1390439321
1390543446
1390638227
1390739696
1394115915
1394184571
1394247883
1394294696
1394330196
1394378290
1394474383
1394489915
1394502165
1394571540
1394593008
1394631383
1394692790
1394789008
1395288446
1395368383
1395403852
1395437915
1395456008
1395500946
1395544977
1395643883
1395692540
1395708321
1395717477
1395796758
1395811040
1396227508
1396304727
1396346508
1396373602
1396405227
1396419071
1396471071
1396488040
1396502165
1396512446
1396547946
1396594258
1396615415
1396632415
1396640883
1396691633
1396725915
1396736290
1396751883
1396770915
1396810852
1396831352
1396867383
1396896196
1396928165
1397014977
1397061821
1397091102
1397119415
1397147102
1397217165
1397293821
1397354165
1397413696
1397431446
1397514633
1397642165
1400719071
1401027133
1401064290
1401106477
1401120258
1401152758
1401167446
1401209633
1401229758
1401257477
1401288165
1401350821
1401396696
1401423758
1401435290
1401468040
1401491040
1401517790
1401548040
1401580040
1401607133
1401650290
1401677571
1401706446
1401793258
1401831696
1401869977
1401946852
1401999446
1402030852
1402087071
1402126508
1402139071
1402200540
1402233946
1402320696
1402361665
1402521102
1402701727
1402860727
1402938540
1403088446
1403232852
1404270352
1404362446
1404392040
1404485102
1404572696
1404613508
1404737165
1404831133
1405006508
1405051008
1405064790
1405096321
1405112883
1405174758
1405185227
1405223665
1405236321
1405274540
1405311477
1405404446
1405445133
1405456165
1405517040
1405538165
1405565196
1405643633
1405727165
1405747977
1405770915
1405785602
1405795102
1405860571
1405905633
1405995477
1406267352
1407323821
1407423790
1408652477
1408739290
1409915727
1410430477
1429205165
1438038883
1442424633
1445833446
1445950633
1446076915
1446097071
1446131415
1446150571
1446198727
1446208227
1446277946
1446319665
1446399758
1446401133
1446412415
1446442727
1446490415
1446530571
1446551352
1446566258
1446676821
1446692508
1446701258
1446760540
1447009446
1447173383
1447237727
1447497196
1447554383
1447660133
1447690508
1447716227
1447775571
1447799008
1447840633
1447847571
1447861696
1447912633
1447951446
1447983227
1448007446
1448041790
1448074415
1448130696
1448150790
1448179290
1448200758
1448249758
1448266383
1448304883
1448317821
1448347727
1448374727
1448428227
1448443415
1448472477
1448489383
1448534821
1448561196
1448578196
1448620415
1448638852
1448694415
1448730915
1448755196
1448825352
1448864133
1448907571
1448981008
1449024633
1449034196
1449115102
1449186821
1449267383
1449328008
1449437633
1449546883
1449595415
1449731602
1449820352
1449925133
1450000258
1450047321
1450100727
1450299602
1450426696
1450479290
1450511446
1450536571
1450558821
1450634696
1450699352
1450758133
1450822165
1450876977
1450933977
1450958790
1451027290
1451065977
1451089102
1451230165
1451308758
1451372977
1451406071
1451511040
1451552977
1451620883
1451675790
1451697227
1451766008
1451819633
1451994602
1452062540
1452096415
1452140852
1452238415
1452281133
1452369165
1452577196
1452618540
1452681102
1452710290
1452738727
1452811571
1452854290
1452903821
1452925665
1452957571
1453016165
1453054040
1453116258
1453237321
1453254821
1453339040
1453467415
1453481290
1453565383
1453739665
1453942571
1454115821
1454377258
1454428915
1454479071
1454702258
1454741040
1454754071
1454767290
1454841790
1454890071
1454916258
1454967477
1455007133
1455046633
1455084571
1455118665
1455125352
1455158071
1455194321
1455250571
1455279665
1455347321
1455384821
1455405383
1455433196
1455471540
1455479477
1455487040
1455543915
1455586196
1455643258
1455670040
1455689915
1455754696
1455786758
1455860665
1455919227
1455973571
1456062352
1456095946
1456148133
1456186790
1456228883
1456284165
1456395133
1456491383
1456551133
1456597540
1456651071
1456770790
1456856477
1456902477
1456925821
1456936196
1457033477
1457075758
1457148633
1457237696
1457314383
1457339665
1457366008
1457440165
1457535977
1457604477
1457685102
1457947883
1458830696
1460489133
