180379144
181215050
182185519
183681832
184134988
184214769
186475519
187336082
187343519
188280363
189267113
189361894
189686644
189746457
189946832
190060519
190077550
190089082
190209988
190532363
190614238
191275800
191338582
191359957
191467707
191520144
191583519
191857644
192183425
192210050
192220082
192678925
192702082
192758082
192920675
193012707
193428113
193584519
193605238
193636019
193982957
194060519
194293457
194347988
194490957
194513175
194565519
194647832
194688457
195365207
195564488
195567175
195657425
195736050
196278832
196402113
196417050
196545488
196640675
196788363
196970550
197138269
197198425
197465863
197787613
197896863
197917550
198022425
198179394
198714769
198747707
198889988
198906957
198977644
199003800
199067863
199125488
199150144
199178832
199203363
199263050
199396738
199450207
199514988
199718550
199733707
199843863
199915425
200521707
200780894
201075675
201100332
201282550
201304207
201325988
201354800
201434957
201488707
201550363
201764019
201843738
201903300
202070925
202094925
202112707
202145800
202176019
202326394
202368613
202435707
202455082
202571613
202650644
202696363
202741957
202788207
202826488
202890113
202961613
203061269
203088175
203137550
203295613
203405144
203508425
203608394
203949738
203979363
204010019
204035082
204203269
204292207
204720332
204756925
204991769
205121488
205266488
205377519
205406050
205426519
205509207
205542644
205586269
205711644
205743894
205770707
205838800
205889207
205947425
205962675
205982863
206115019
206147457
206227332
206268082
206302457
206334332
206369019
206403644
206559457
206675582
206700332
206790269
206841019
206933988
206975238
207008269
207085800
207126175
207167332
207275894
207372644
207434050
207509144
207557582
207870738
207961082
208008425
208027832
208041207
208056457
208131394
208146050
208174019
208196957
208227238
208255644
208398144
208431832
208462457
208498019
208535925
208564863
208578644
208617925
208725457
208868082
208908582
208943863
208995894
209040832
209164050
209187394
209203425
209243363
209289988
209457644
209483050
209492769
209525800
209584238
209660363
209671332
209696363
209735613
209771675
209809457
209844332
209849144
209951675
209979144
210038988
210224425
210476832
210554175
210628425
210772113
210891207
211096425
211177519
211217113
211414050
211489644
211748019
211897457
212127425
212142550
212433582
212568925
212944707
212992550
213051613
213067988
213132800
213175082
213210613
213348832
213513738
213677550
214076894
214170894
214272175
214606332
214773769
214876332
214929769
215029988
215066082
215188050
215478207
215515894
215623675
215933675
215995988
216061363
216136019
216411644
216440894
216503957
216780832
216809863
216904519
217010082
217053238
217093394
217398613
217616363
217656113
217727832
217769925
217982675
218095457
218180175
218242082
218395457
218468019
218511613
218650207
218825769
218890238
218992050
219101269
219142144
219183144
219374332
219531925
219679207
219752363
219993613
219997769
220034207
220058988
220134144
220199894
220273019
220314269
220364582
220465363
220568832
220617738
220681019
220723050
220793894
220870707
220935144
221023332
221076800
221108894
221140457
221318207
221387894
221412582
221557925
221605519
221666613
221701019
221831613
221882738
222062707
222119332
222502175
222605550
222823488
222846519
222853425
222870332
222881363
222926238
223238425
223407175
223539425
223621300
223690394
224294144
224417113
224480644
224627988
224673707
224744863
225038582
225132925
225171738
225243832
225297957
225352363
225529863
225606738
225695707
225712957
225761363
225829207
225920144
226170488
226211519
226245457
226251394
226266207
226298863
226378675
226468988
226476769
226606488
226682144
226725207
226787707
226850457
226907269
226995675
227023144
227049019
227186394
227214394
227247894
227302707
227338925
227379832
227429238
227484582
227614582
227635113
227658925
227709207
227998550
228148425
228227613
228341675
228377832
228401113
228530144
228592425
228698300
228728707
228736800
228849019
228893238
228977613
229079582
229117175
229140988
229249769
229338238
229365519
229410832
229456394
229491050
229948738
230073769
230124300
230160457
230252863
230515800
231339832
231596113
231649457
231790425
231902675
232016613
232114332
232202644
232296613
232442957
232652519
232980738
233009550
233124144
233346925
233388050
233512269
233592269
233630113
233686300
233831613
233851269
233885082
234155738
234233457
234864894
234934050
235015457
235367863
235415707
235453425
235481082
235593144
235623550
235641238
235685050
235786363
236143113
236195738
236355488
236454800
236523488
236564644
236674582
236759019
237269363
237321988
237405332
237487519
237687488
238356707
238694769
238832363
239480425
239683550
240052363
245448675
246894519
247166582
247230582
247772113
248473363
253367832
257109488
257195175
257300863
257977175
258394488
258857175
259182175
259348613
259512800
259515988
259637675
261875675
267166988
267690269
267706300
267770269
267925488
268129488
268222425
268338363
268360832
268370769
268409644
268601113
268657113
268860425
268943613
269114019
269118113
269300488
269333550
269342582
269510957
269593582
269936457
270030925
270041050
270085675
270146738
270190925
270214457
270224957
270236582
270252238
270285675
270421207
270482394
270516832
270669957
270709144
270734550
270737800
270838394
270938207
271068613
271120425
271281050
271457113
271706300
271759519
271793550
271826269
271843675
271862332
271937832
271993332
272004800
272011488
272030863
272074144
272146394
272166207
272248175
272275144
272310925
272324925
272433832
272461675
272516832
273970519
274106988
276058894
276477269
277748113
277791550
277963144
278230582
278297332
278492363
278670894
278738394
278814488
278837394
278993113
279050269
279093332
279118144
279142613
279170394
279228675
279267144
279306613
279363988
279386207
279442957
279527519
279558300
279786175
279950800
279999644
280036644
280129332
280229082
280251332
280344425
280484863
280528207
281215769
281263738
281392988
282019613
282095644
282647675
282922707
283258957
283365738
283626988
284223238
284558832
284788894
285023332
285107425
285501488
285607613
289291707
290748394
290843894
291159863
291186050
291194957
291265332
291354519
291401175
291440332
291504457
292225957
292524738
292577675
292789738
293988300
294403988
294466363
294764300
294909769
294986894
295107113
295145800
295173582
295235957
295398144
295469894
295493425
295526363
295679300
295804707
296173019
297653113
297740644
298403832
298439238
298653019
298691832
299192800
299582769
300037332
300042394
300086957
300343019
300389082
300535925
300586925
300639925
300711269
300736019
300806394
300941363
301162519
301192800
301259394
301631800
301634894
301765957
301984332
302132738
302159269
302290675
302319957
302419738
302459582
302489519
302584300
302598988
302635488
302648082
302684863
302719457
302816113
302933675
303094425
303134550
303304863
303370800
303501894
303572613
303809957
303830675
303862582
303914394
303995425
304069957
304124488
304213050
304307519
304343894
304481394
304555238
304680113
304880863
305028300
305131519
305573175
305806738
305928550
306046238
306192832
306234238
306333363
306380613
306419863
306697394
306975582
307172019
307248738
307287363
307321738
307347925
307382675
307449988
307492769
307656238
307747644
307839707
307919550
308002238
309345300
309359769
309578300
309610050
309629300
309654675
309669082
309685613
309740019
309843644
309868144
309919113
309996675
310054925
310126988
310197863
310379363
310844082
310886925
310945207
311086019
311210832
311397519
311577300
311637238
311698300
311874332
312326144
312482832
312675800
312777644
312863082
312873457
313063363
313194300
313243144
313601675
313644957
313795800
315988332
316115707
316702019
318463769
318902082
319766050
319786332
319853519
319872207
320047675
321119113
321325582
321379175
321539457
321558175
321731707
322011675
322134644
322913332
323612675
323637644
323682644
323713300
323993457
324131175
325899238
326039957
326245738
326551707
326897832
327550800
327671957
327850488
327886394
327949019
328025957
328255832
328365863
328465082
328653832
328920019
329090675
329246644
330758425
331189269
332036238
332830925
333434832
333661300
333702644
333839894
333876550
333918269
334273582
334631019
335431988
335580675
336025300
336209769
337019550
337046457
337504707
337987332
338262832
338395457
338444394
338500488
338558363
338605488
338704019
338889519
338950207
339150707
340702457
342488519
344566050
347055269
347110519
347178269
348517957
348806082
348961675
348986894
349002957
349111050
349160832
349201519
349234894
349341238
349413550
349439019
349469863
349607832
349630238
349705144
349743300
349816425
349889332
349909738
349915519
349955300
350021207
350297269
350370113
350768613
351305269
351383988
351480300
351589175
351594238
351615363
351874050
352051769
352226082
352272613
352276613
352428207
352608894
352816894
352928894
352965238
353027550
353087363
353145394
353242425
353320519
353386832
353465363
353579800
354086363
354109175
354136988
354179863
354198582
354490988
354592519
354702988
354739082
354806238
354824207
354852144
354909582
354986988
355061675
355197332
355305332
355471144
355555675
355578957
355604082
355632019
355906894
356085613
356118332
356140550
356152925
356166644
356222394
356297925
356393207
356408332
356448957
356475925
356544300
356592550
356669394
356755800
356834082
356935738
356983582
357002644
357117019
357170113
357256019
357333613
357591894
357685457
357743519
357782988
357803707
357932175
358003957
358113769
358154332
358179050
358299457
358324175
358398738
358447925
358496457
358524300
358617957
358696144
358875800
358959519
359019207
359106332
359119300
359308550
359367363
359393207
359460113
359537707
359689175
359728175
359806082
360029769
360074707
360153050
360191519
360234957
360288144
360346644
360488519
360550082
360574363
360664425
360688394
360779394
360808269
360831832
360852425
360907832
360942925
360964050
361085269
361115738
361198675
361233582
361309394
361400769
361601082
361634019
361711925
361851894
361907988
362066113
362150082
362199675
363711457
363714238
363802019
363845425
364023019
364065300
364199707
364349175
365956457
366045394
366169488
366346144
366462957
366493769
366583082
366720769
366930050
367040113
367145300
367183488
367300707
367320457
367457582
367489488
367553769
367759707
367846269
368041644
368085175
368096457
368152582
368351238
368408425
368441613
368452800
368908238
369049300
369343925
369459488
370466675
370792425
370865019
370899394
371081457
371127394
371233707
371369050
371398050
371507144
371541800
371579050
371600519
371659613
371720769
371769144
371804957
371829425
371897707
371929050
371936207
372001894
372141175
372302394
372330863
372367300
372566550
372602582
372675175
372706269
372732332
372878675
372985300
373031207
373085613
373107675
373145769
373159925
373245550
373279425
373363144
373430613
373468894
373492082
373548394
373648425
373710675
373754082
373785769
373874332
373888800
373914957
373978019
374003332
374063738
374105644
374139988
374176988
374239363
374287300
374374550
374418894
374435019
374501863
374525988
374689863
374811175
374884425
375070738
375116425
375141925
375279488
375403082
375473613
376403238
376490394
376536613
376577550
376593925
376647613
376667425
376736175
376825769
376896832
377228238
377278082
377283238
377297238
377354582
377400644
377571019
377605550
377624800
377640332
377777582
377825988
377864675
378129550
378306957
378349425
378439113
378461925
378499363
378579957
379391050
379479675
379757613
380229582
380365144
380407332
380430832
380497207
380505082
380509363
380533175
380543988
380572425
380586425
380607238
381091425
381170925
381250675
381382550
381911925
382096769
382180675
382440082
382725207
383059519
383074457
383108769
383134707
383164988
383254863
383410582
383526113
383622644
383782332
383844363
384122738
384218613
384283675
384318675
384341144
384424894
384438582
384457863
384471832
384488457
384649613
384702613
384809394
384913238
384946082
385405925
385637925
386026738
386518238
386550207
386792238
386893175
386959644
387032644
387203832
387296769
387436550
387533988
387650238
388040175
388078488
388297769
388334519
388360957
388586113
388703832
389096457
389120863
389128582
389350113
389419425
389616550
389680363
389805207
389853300
389985144
390121332
390477582
390563175
390867644
390964425
391163957
393436613
394257613
396549300
397377019
398958269
399652832
399826332
399830269
400051394
400053207
400115925
400409363
400862207
401169550
401237988
401268207
401274707
401321457
401428113
402203769
402231675
402262675
402299582
402418988
402482957
402497207
402526363
402593644
402812988
403553894
403596019
403613394
403622582
403643175
403657675
403684519
403842019
403894894
403956300
404064332
404341738
404393675
404411675
404465332
404521550
404643019
404655175
404708332
404728832
404758425
405175238
405222175
405333613
405437300
405505675
405598363
405618832
405650894
405742769
405943269
406062488
406144957
406309800
406411082
406465144
406613988
406825207
406859175
406889300
407001019
407204269
407297988
407345238
407506175
407581738
407624175
407690269
407941425
409214144
409637550
409934269
409949769
410288050
410415738
410505050
410682769
410710769
410814957
410832707
410875738
410944707
410976207
411115207
411161425
411343675
411573175
411629957
411693238
411727988
411819644
411855238
411870832
412418300
412419800
412500457
412542457
412568582
412794800
412836300
412940519
413015800
413069738
413204925
413247644
413443925
413513175
413728675
413960425
414023675
414045707
414210082
414344832
414370394
414396957
414424613
414462832
414505144
414568769
414623957
414789675
414805863
414881550
414902550
415054113
415292457
415362425
415495707
415612332
416171113
416502738
416573082
416657457
416727425
416835707
416886050
416979957
416998988
417090425
417458832
417511738
422259144
422397988
423275457
423419644
423951707
425452269
427970738
429191113
429262769
429743644
429872519
430908488
431865300
432014675
432263925
432303613
432331332
432499050
432570363
432579300
432695457
432905207
433012894
433098957
433170644
433198425
433250300
433445300
433503238
433575738
433606488
433622644
433713707
433729957
433809113
433832863
434517269
434823832
440558300
440658457
440906238
441267175
441407800
441530550
441653300
441679675
441718332
441729394
441752082
441880988
441974519
442066050
442231613
442238894
442251707
442513863
442624238
442743488
442884144
442974457
443038300
443174644
443192488
443227394
443247675
443304332
443403769
443430050
443506519
443530738
443575300
443592113
443617519
443657738
443698019
443729925
443808894
443843050
443882988
444013082
444026863
444040050
444061144
444243738
444287863
444326988
444522363
444552519
444690175
444869019
444873082
445079207
445161550
445291550
445336925
445697332
445885425
445916207
445976050
446081613
446177863
446386363
446507332
446828894
446857113
447080363
447229988
447602238
447796394
447923644
448010613
448424894
448552269
449521644
449934519
450186238
450618832
450722363
451088550
451214332
451436207
451561957
451622800
452164644
452552207
452987863
453164707
453190988
453344207
453600769
453760738
457705863
457764894
457834769
457873019
457950738
457991582
458016832
458189050
458201988
458389582
458409988
458431144
458476394
458493550
458552707
458584082
458659675
459202707
459773488
460351300
460617394
460782738
462214144
462603550
462704894
462761832
462815269
462897332
463131769
463243363
463330175
463426269
463473550
463646925
463690738
463748144
463766800
463806238
463843082
463860300
464431457
464595519
464977957
465133207
465217113
465252113
465286082
465319207
465390644
465426113
465448769
465478988
465495582
465511550
465534050
465662925
465824800
466246988
466896050
467184363
467209175
467243175
467316394
467337925
467352488
467367582
467421019
467451050
467524738
467612238
467640457
467664175
467690175
467806113
467953988
468045082
468219394
468269019
468330300
468382019
468483925
468579550
468621394
468691425
468713707
468737019
468765738
468812582
468940613
468982894
469085175
469120363
469242019
469494144
470104394
470227988
470714238
470896613
471436082
471853519
471894457
472017363
472052050
472112832
472241175
472467457
472483488
472531707
472595925
472747425
472814707
472887644
473049519
473075300
473116800
473300207
473316394
473387113
473421113
473457488
473483488
473542050
473593738
473625550
473705863
473891238
473947519
474065925
474172550
474209550
474247425
474297832
474375769
474412488
474466269
474517769
474550488
474575613
474612675
474644363
474678019
474721582
474739394
474757425
474817582
474847582
474937082
474969832
475066675
475089519
475120957
475234582
475315738
475497457
475511988
475543019
475581675
475627175
475674769
475702519
475740238
475782613
475844050
475931988
475960425
475994738
476012269
476093644
476197675
476244707
476297894
476394332
476439082
476489175
476547082
476659863
476706582
476736550
476756582
476780550
476817113
476831207
476836675
476930457
477055019
477105894
477276050
477413550
477536082
477609582
477705863
478001894
478286363
478318207
478410519
478501332
478513863
478587800
478734269
478755550
478960550
479063582
479124300
479154644
479215175
479275238
479315050
479333675
479352488
479449207
479456613
479491300
479516207
479567925
479610832
479627894
479636207
479671207
479731550
479751238
479793644
479808300
479899238
479910957
479926988
480015394
480060363
480077207
480170113
480200269
480265269
480308269
480566457
480605113
480716582
480738332
480771113
480851800
481594488
481638019
481692675
481756238
481807363
481869238
482116082
482224832
482290019
482319675
482403238
482464894
482527363
482672582
482793019
482825144
482874800
483050363
483097863
483304300
483333582
483581582
484636957
484698519
484952550
485590269
485798332
485882863
485999832
486108550
486187457
486273363
486355800
486458300
486618832
486661332
486714675
486732050
486742050
487103488
487211082
487562488
487659582
487714957
487762175
488012925
488065519
488128363
488147675
488269925
488320769
488420300
488696113
488779988
488857300
489050550
489389832
489597300
490327425
490396738
490483050
490511957
490557113
490569394
490611113
490626425
490646394
490849550
490947644
491023957
491243644
491744800
491787175
491823457
491836394
491901550
491968863
492183050
492505519
492627488
492710300
492802582
492833582
492874707
493501488
493606582
493859675
494519925
494557800
494567707
495047582
495689550
495889144
495906269
496011363
496227332
496432738
496793738
496977238
497006113
497062457
497096425
497251457
497314425
497445050
497526113
497557425
497640675
497749269
497773707
497835644
498177269
499519488
499665832
499790613
502435425
502871019
504352207
505196769
507040488
507475207
507743644
508102550
508519800
508562613
508768300
509010394
510036488
510097832
510309300
510335957
510362738
510382550
512735957
515574957
518590300
519538457
520414613
520817113
520934550
521844207
521978488
522489988
522768675
523054332
525493894
525799363
526902707
527128082
527236769
527480050
527641894
529075707
529256175
530246363
532266363
532369707
533133582
533448394
533485519
533607582
533783988
533847113
534293300
535924519
536044675
536107144
536130175
536174550
536322519
536347675
536491332
536567707
536588394
536602394
537242769
537286519
537338207
537361488
537377769
537400863
537445238
537465550
537491144
537610675
537633613
537651769
537709207
537742238
537831644
537920175
538144957
538262394
538298488
538373082
538382269
538403988
538454425
538517394
538571644
538757050
538806707
539727769
541273300
542199613
542475144
542494863
542646675
543165519
543537113
543659394
544029269
544103457
544138644
544293800
544812425
546027519
546069394
546199457
546349457
546443457
546461488
547577144
547858269
548198457
548581332
548782988
548958082
549007988
549202613
549247394
549798363
549822957
549867207
549914582
549935113
550003863
550168738
550282363
550510894
550655582
550686832
550746332
550779582
550796332
550927707
551069894
551317113
551402207
551422644
551437738
551454175
551469238
551589207
551678082
551697082
551748613
551853519
551886457
551896300
551973519
552049707
552081675
552224269
552289019
552314019
552345300
552409082
552457863
552495550
552590550
552617269
552734613
552901425
552920925
552952175
553060019
553129113
553236175
553287207
553325613
553387019
553441488
553506769
553532488
553578863
553601800
553642988
553663425
553698394
553716988
553800550
553884425
553937300
553967332
553995550
554058457
554162332
554174332
554190300
554223613
554240613
554283769
554362394
554382332
554488300
554614644
554732050
554818144
554865269
554900269
554969769
555216550
555346675
555390425
555480957
555622957
555654550
555724363
557127644
557206113
557728582
557898269
557969457
557991769
558273707
558474957
558531582
558594582
558720144
558762457
558941300
559113144
559241082
559289769
559417894
559569613
559774488
559807550
559929082
560121269
560142863
560197988
560233957
560336769
560393519
561109988
561301394
561344675
561459457
561545488
561580144
561676175
561739113
561829644
561926019
562157550
562190144
562216613
562280894
562431050
562635769
562703113
562835425
562898550
562952957
563018519
563522332
563632769
563689425
564179769
564260644
564358269
565491300
566565269
566729300
566820300
566909144
569208019
569328457
569407613
569449582
569669988
569766394
570068957
571915457
571927332
571944582
571960488
571994113
572050082
572084175
572123425
572192800
572225800
572243457
572348957
572506363
572970363
573072519
573105582
573540613
573817582
573930238
573963863
573997550
574022363
574343144
574429207
574473300
574586988
574674925
574798144
574876957
574945894
575000332
575227707
575713050
575827457
576214425
576275769
576505300
576530738
576589488
576694019
576808894
576986300
577086863
577110175
577351332
578243363
578512738
578594238
579767113
579842488
579987175
580310113
580392425
580528769
582059800
582528675
582568613
582592394
582615394
582737457
582807613
582878082
582973800
583013707
583045113
583093582
583194925
583241894
583352394
583445957
583509363
583596894
583888269
583975988
584087957
584211050
584277238
584295519
584378207
584477332
584580613
584619644
584779269
584822613
584861238
584889613
584927925
584947957
584999488
585051394
585098894
585126394
585233269
585271082
585355832
585378425
585526519
585567238
585585644
585598394
585623707
585776800
585804207
585903269
585992769
586035613
586090707
586126488
586163082
586219769
586429925
586446988
586462457
586482769
586530269
586556800
586590707
586602425
586620207
586646957
586777300
586902175
586928300
586948738
587041738
587107269
587187957
587274332
587316925
587341894
587417269
587464113
587488644
587550894
587569363
587638519
587662925
587711988
587753019
587808894
587875644
588035519
588175925
588272707
588318582
588414925
588482707
588631332
589069050
589171988
589202707
589251050
589393519
589539488
589685457
589719144
589802425
589971300
589997175
590056769
590081207
590200800
590284832
590337925
590356894
590504144
590746519
590812894
590850707
590960925
591099113
591164300
591234363
591397832
591480332
591577519
591638082
591650925
591708175
591848113
591869238
591923269
592089300
592184832
592248175
592342613
592393613
592574207
593696800
593768613
593946613
594133144
594169269
594224144
594287363
594601675
594727675
594973644
595050394
595257613
595299238
595488269
595593269
595718894
595801300
595912769
596050550
596121175
596803082
596870425
597154425
597201050
597324207
602311175
608482457
608758613
612928582
614293894
615412238
615686550
615733238
615955613
616090425
616108675
616145894
616159175
616175238
616202269
616321113
616503738
616602175
616634894
616677488
616719582
616846050
616876988
616942707
616970925
617064238
617210113
618876644
619734613
619807269
619881769
620060894
620114707
620369957
620409832
621020269
621415425
621707582
621873457
623035082
623304675
623551019
623585019
625783207
626245582
626355113
626429988
626747144
627065863
627267019
634334800
635207050
636697144
640046238
640284113
640401425
641628738
641669425
641868238
642490425
642523457
642662519
645125707
645205144
645325488
645376300
645585832
645838769
645985550
646029050
646044050
646067425
646264519
646317082
646339800
646376269
646409332
646459550
646474175
646489675
646505175
646531707
646560738
646568175
646586644
646623675
646658800
646684457
646731300
646795613
646881988
646927113
646952269
647124363
647136988
647172644
647203019
647223925
647447207
647466863
647587957
647696425
647802738
647837144
647938769
647973144
648074050
648106519
648175738
648210269
648318457
648399144
648466144
648495332
648516988
648598050
648632113
648696207
648892050
650723832
650797832
651010925
651086425
651105175
651361207
651417738
651470113
651508144
652033613
652082925
652165050
652213050
652369613
652408988
652421769
652450832
652474519
652513738
652619457
652652519
652715644
652807894
653060675
653152613
653210425
653250613
653317144
653392363
653420238
653455238
653469769
653551644
653590675
653632394
653662738
653780707
654155300
654260113
654426300
654703988
654974550
655101644
655197300
655308957
655486769
655549863
655649175
655720300
655803644
655920644
655959957
656191050
656240644
656256394
656274425
656721988
656762519
656963175
657029363
657079488
657108988
657176207
657230894
657264363
657677613
657709050
657732519
658279925
658501238
658671394
658963613
659094457
659240832
659863050
660103613
660305707
661189394
661388800
665829050
665923988
666339019
666570863
667063363
667383488
667869769
668030488
668228457
668593300
670413800
670523488
671097019
672153238
672545675
672621582
672779175
672821519
672877300
672916175
672959582
672995300
673145425
673215925
673255675
673430050
673463300
673500082
673535019
673656675
673723425
673777363
673949425
673997269
674051644
674178738
674220113
674319300
674327519
674357300
674433300
674476457
674605550
674727113
674900644
674964207
675063707
675187582
679840238
680119332
681683300
681914675
682027644
682115894
682552238
682703832
683253613
683376863
683395957
683795519
683863175
683917707
685624332
685873207
686085019
686452300
686545425
686718207
687558363
687783832
688199207
688482175
688631050
688862769
689426644
690051550
690754175
693122144
693404050
694776238
695765894
695865332
696550363
696992050
697058050
699187988
699250738
700827957
700946238
700967457
701055269
701080207
701105738
701187769
701248144
701471582
701574582
701598332
701666238
701724738
701795582
701846988
701892332
701936582
701967707
702120332
702180144
702195957
702217019
702307644
702354582
702388144
702457863
702490675
702542050
702586019
702627644
702850988
703002613
703794425
704490863
704595519
704650332
704784300
704897707
705309113
705349488
705398269
705439207
705491550
705521582
705568332
705598582
705662175
705794519
705975925
706066363
706135582
706321082
706379582
706854050
707040644
707131519
707236519
707281144
707337425
707377457
707448613
707516425
707693394
707716019
707743394
707847019
707877238
708048488
708087019
708103769
708135113
708447175
708586582
708608113
708763332
708781082
708873519
708939050
708973925
709118832
709167832
709228175
709348269
709461582
709636363
709732332
710091207
710127707
710357894
710431082
710698457
710718457
710939457
710979425
711055675
711299300
711356582
711376238
711487644
711536394
711570457
711741175
711916957
711955050
711991925
712024550
712071582
712073519
712153457
712226957
712266957
712317332
712338800
712489894
712506300
712582394
712768238
712900019
712906800
713022238
713139613
713361894
714003332
714277488
714347207
714443175
714509957
714586269
714787582
714854800
714976613
715023863
715030613
715076457
715111800
715166425
715813300
715888675
715909082
716193269
716231863
716300675
716478550
716585613
716844707
716914707
717105394
717343707
717409613
717453519
717539207
717658582
717903238
717925644
717989613
718128175
718231394
718269519
718297988
718338300
718348050
718358394
718378050
718445457
718489113
718619207
718719082
718745613
718868113
718903207
718943550
718986425
719011050
719042144
719101363
719130925
719142363
719159488
719171457
719257894
719437363
719547925
719716582
719753113
719781894
719818269
719907925
719945394
719998144
720047800
720083863
720121269
720206457
720240457
720291707
720331113
720379207
720439019
720503269
720651519
720662988
721340238
721403238
721595832
721719988
721798863
721870800
721983050
722027019
722107363
722520488
722737675
722836050
723005675
723296988
723333144
723361394
723446957
723506238
723555050
723656113
723764863
723837082
723860832
723887457
723957832
724167988
724327582
724441363
724587488
724693957
724741050
724804988
724855863
725047207
725151988
725194738
725504550
725538300
725688832
725787019
725995738
726116332
726160675
726200363
726245800
726344925
726445425
726479175
726548457
726638363
726762925
726857175
726949957
727034207
727081832
727228582
727245769
727284988
727319082
727364644
727529425
727579582
727613425
727720957
727794988
727806613
727886832
728057019
728087332
728141613
728172957
728223644
728315894
728723269
728836832
728940144
729066894
729089644
729111550
729201300
729354082
729436863
729488332
729606488
729730050
729775269
729832675
729867050
729885488
730028738
730050207
730120082
730200707
730243832
730348425
730433644
730447363
730529957
730765019
730807550
731003269
731087113
731169269
731349800
731379894
731417957
731451519
731562800
731591832
731698957
731891769
731914082
731953082
732227175
732241019
732295425
732429707
732498457
732655488
732740644
732940144
732999207
733106488
733171300
733374800
733438988
733478863
733536488
733583519
733682550
733875050
733934769
734025582
734046207
734096832
734178644
740118957
741490175
741542363
741738425
743913300
743974269
744175582
744344738
744386738
744664800
745963644
749407988
750460019
750742207
750852269
750975363
751051738
751131957
751409800
751665175
751724675
751871582
751927050
751974425
751984769
752065550
752114175
752131550
752205863
752484957
752678675
752749050
752875800
753222957
753947175
755611488
756042644
756130769
756299113
756931144
757017707
757098925
757450207
758184550
758456269
759747050
759777113
759831863
760036550
760397738
760518457
760573394
760645144
760682175
760746332
760948394
761061082
761097175
761227582
761392457
761504488
761595550
761620394
761762457
761790488
761848957
761929113
762006300
762097394
762158144
762182207
762252675
762369019
762411800
762525675
762632863
762677238
762809894
762899894
762934207
762999644
763079832
763129550
763158488
763247863
763268738
763329738
763350800
763434457
763465988
763549988
763966894
764824082
764922488
765531519
765553707
765618832
765883144
765939238
765958644
765972738
765993550
766011488
766048675
766311425
766820800
766873988
767894832
768017894
768192863
768372925
768440800
768464644
768495957
768519175
768581082
768595019
768664988
768705894
768806707
768856582
768886457
768924582
769561113
770053488
770099613
770509113
770676519
770940644
770974800
770996800
771157332
771273488
771384050
771433019
771468363
771512238
771560613
771609332
771833363
771884269
771931894
772134019
772275613
772336644
772493269
772536925
772592769
772678707
772705769
772787582
773238957
773281425
773369425
774119332
774172925
774474207
774631175
774656832
774727925
774747050
774850738
774936863
775060238
775518957
775541738
775701925
775826644
776324519
776474488
776602644
776626394
776676269
776845550
776863550
776888144
777478332
777775238
777793675
777870082
778011488
778152800
778241863
778323238
778363894
778432738
778505800
778569175
778773613
779041519
779110050
779147582
779178488
779204957
779289644
779307363
779500582
780387394
780648957
780752113
780800644
780845207
781230675
781554175
781682644
782333738
782452644
782593832
782653238
782726957
782810113
782887988
782963363
783344582
783445675
783466832
783615394
783952363
783961894
784012613
784072769
784122550
784218207
784288769
784395363
784613175
784651644
784728800
784862550
784899863
784918019
784934863
784957394
785067925
785122363
785168613
785179425
785191300
785217832
785337332
785424300
785463769
785529488
785580894
785617457
785639675
785768457
785775894
785835332
785919613
785958394
785992175
786086113
786106988
786167300
786302613
786377894
786483769
786528207
786555488
786628769
786665769
787290957
787426613
787610769
787652769
787687863
787731425
787767863
787829050
787926300
788045550
788151269
788247207
788357207
788461082
788533957
788564613
788608988
788666800
788710519
788747394
788824582
788847550
788989832
789086082
789148832
789544957
789669488
789939269
790349394
790450582
790577769
790661082
790848113
790900363
790959613
791075113
791549332
792414363
792821082
792936582
792957738
792987675
793088082
793548113
793756425
793809238
793874988
793941113
794114050
794212207
794426832
794488613
794532769
794860800
795270644
795500613
795567550
795826332
796187363
796350488
796434269
796501238
796684394
797043988
797086082
797188488
797571113
798207269
798271707
798322550
803934519
804020832
804270394
804438019
804601957
805823644
806239113
807624113
808824832
809613144
810024519
810104144
810243394
810640269
810676238
811940800
812402144
812674769
812729363
812756582
812810675
813156144
813361863
813563144
813666738
813709675
813727738
813780894
814352457
814421363
814648207
814836457
815168269
815263988
815421457
815684644
815978269
816045738
816225050
816272925
816391863
816430988
816500988
816562644
816614738
816688957
816792832
816830269
816890425
817133957
817293425
817452175
817971238
818213738
818423300
818647175
818748675
818951425
819305488
819862019
820512238
820629332
822791957
822890925
823055175
823090769
823243832
823296988
823382925
823450738
823536800
823671394
823682144
823695988
823810644
823850550
823949175
824033207
824104738
824214394
824345144
824431300
824550269
824791394
824836582
824931207
824989457
825061988
825129582
825178613
825373113
825650863
825697425
825932925
825983269
826052769
826382675
826492425
826723019
826827175
827356019
827760988
827821050
827867519
827972082
828232050
828296550
828494550
828911769
829189738
829423050
829827957
830638394
830817269
831199988
831532300
831546144
831562019
831657769
831693550
831741769
831773925
831840300
831859019
831887363
831940332
831952019
832025925
832087613
832162769
832243113
832598675
832865707
832925113
833065519
834471238
834629707
834656207
834875300
835445988
835938894
836700957
836805144
836850207
837036675
837142738
837205519
837215925
837244207
837262363
837268332
837284363
837334488
837352988
837407144
838227675
839546394
840321425
840966394
841021019
841152769
842370644
842677425
842960550
843023488
844018519
844284613
844429957
847691207
852865957
854546113
854729144
854744832
855669269
856495582
856512988
856591050
857027613
857512988
857564238
857661457
858300988
858420894
858459707
858507707
858692738
858726863
858823019
859008175
859610425
860963769
861341925
861497613
861755675
861840957
861937050
861982957
862008800
862030925
862042144
862096925
862198175
862270207
862580394
862633394
862717707
862777738
862791238
863087425
863387019
863445957
863600519
863654488
863725144
863914175
864000769
864364394
864411800
864840488
865072019
865205675
865337800
865375519
865507488
865760394
866013519
866071425
866110832
866195832
866226769
866277769
866312425
866336800
866458082
867301738
867604550
867847425
867914675
867941800
868025019
868068550
868114675
868166800
868220925
868235269
868244894
868280175
868352832
868544394
868619332
868707519
868758894
868773269
868845019
868923644
868957925
868995207
869024394
869110050
869245957
869337300
869430269
869457332
869538207
869673050
869794769
869833019
869978957
870187644
870371363
870570175
870850300
871197207
871224550
871292425
871356488
871491332
871577207
871672144
871953957
872133019
872252269
872445957
872568019
872627332
872757394
873077488
873443082
873506332
873675207
873727332
873775894
874046613
874245300
874432457
874651050
874910582
874930707
874940269
875006644
875209269
875224144
875585207
875719582
875991769
876017363
876026175
876041769
876162519
876270957
876327832
876365769
876472300
876614863
876854675
877022394
877293269
877379175
877921957
878494675
879095363
880641050
880918457
881335925
881510800
881619738
881824550
881882019
882158363
882345332
882543488
882660050
882710019
882780082
882852582
882954394
883208832
883257550
883325207
883424707
883482082
885575644
886766300
887642550
889311238
889440894
889554332
889784457
891334582
891461675
892440582
894054082
894115988
894435582
894526769
895568800
895820457
895942238
896062488
896248269
896675957
896716457
896888519
898896644
899791394
900214238
900379675
900860144
900886988
901209425
901267238
903011425
903201238
903265582
903476550
903729582
903973550
904200332
904661363
904700457
904746144
904835644
904880644
905106582
905452457
905510675
905560613
905589394
905720488
905804957
906005988
906448957
906980863
907077863
907291519
907759613
907789425
907803113
907851957
908086519
908219425
908678425
908741300
909007394
912272832
914209207
914387644
919230457
921727925
924231644
924464269
924693519
926355394
926476988
926602207
926659113
926703269
926802738
926888394
926912488
926970832
927015238
927268769
927330300
928481144
928918957
929910550
929925238
931295613
931354832
931659113
931697832
931803832
931900832
931952300
932159707
932206488
932701425
932722988
932784300
932854425
932891988
932941863
933022925
933045113
933092300
933188238
933258769
933293019
933383894
933435894
933476050
933666082
934034363
934134175
934216394
934278113
934332113
934440738
934768144
935206738
935264582
935333144
935450425
935499113
935914144
936241769
936377769
936450082
936495144
936607332
939113019
939552363
944030363
944733988
945107925
945350238
945409363
945459457
945481707
945820550
945855113
946170050
946269519
946330238
946554675
946930300
947366394
947492144
947625269
947731988
947828925
947962394
948038957
948173050
948253144
948608144
955066394
955230269
955287019
955324800
955576644
955612300
955804425
955838957
955918019
955953550
956004863
956468207
956567144
956802832
956885613
956960175
957050613
957176488
957202238
957261050
957341332
957577050
957729800
957872707
958169488
958267675
958387863
958440738
958502144
958672113
958819957
958885144
959302519
959418363
959455925
959502269
959722769
959848050
959948863
959996050
960238644
960534457
960632175
961106800
961149394
961323988
961533519
961671457
961943988
962032957
962063207
962096894
962254363
962660488
962666769
962729238
962752269
962809425
962913113
963019738
963122957
963131019
963146488
963281519
963464238
963669113
963768832
964026800
964041582
964127988
964245144
964359425
964428800
964938894
965112113
965182707
965277832
965320988
965408394
965443988
965491738
965716925
965741925
965758050
965858175
965928769
965976800
966004957
966039957
966143675
966174925
966222113
966377863
966410707
966432738
966489832
966526832
966594863
966618050
966655832
966952332
967021175
967170613
967253394
967364738
968181175
968223457
968280738
968335269
968399894
968461894
968497019
968528332
968672925
968725582
968770675
969009019
969032394
969113488
969246613
969281300
969432644
969551488
969748332
969817925
969864894
969939800
970273863
970387113
970459988
970497207
970550269
970606113
970676519
970703863
970758144
970858925
971118800
971296519
971415582
971554925
971716832
971977613
972136738
972187082
972210175
972252863
972326175
972374363
972418894
972527550
972602925
972798082
972857957
973167707
973272019
973308332
973365019
973433300
973646457
973723457
973791113
973869800
973973394
974085457
975288488
975345519
976046988
976207113
976881613
977049175
977640394
977793269
977922082
977982550
978040113
978472832
978725082
978856363
979118863
979913582
980304457
980350050
980438925
980510425
981118707
981166425
981501613
984710988
984874425
984989050
985048082
985156144
985174269
985284082
985304863
985332519
985374488
985521519
985584332
985673582
985734300
985892925
985900832
986015082
986053207
986153550
986195675
986544082
986653019
986695925
986743113
986860613
986901300
986922113
986966863
987042082
987074769
987102550
987130394
987209707
987449050
988095332
988166863
988232675
988524207
988565300
988655738
988818957
989005269
989793269
990062832
990127207
990526550
991014863
991090050
991358207
991393425
991482925
991518113
991671488
991713082
991760988
991827675
992661050
992906488
992924238
993020394
993078019
993142457
993290519
993371863
993410425
993467644
993497957
993535238
993778300
993882144
994037207
994063707
994253550
994320425
994355363
994436050
994467019
994604144
994736550
994786425
995697707
996117144
996176175
996302488
996702863
996787019
996981269
997145738
997314238
997473175
997568425
997590019
997874332
998161207
998202644
998517988
998681738
998708707
998738238
998903457
998969582
999092332
999144769
999545519
999652707
999688519
1000174675
1000560769
1000604269
1000655144
1000758019
1001031457
1001129832
1001824488
1001993394
1002090207
1002126613
1002183738
1002223550
1002270769
1002529957
1002673394
1002769425
1002817644
1002842332
1002887738
1003002957
1003322238
1003514394
1003708925
1003878582
1003905300
1003928988
1003984925
1004069488
1004123019
1004255832
1004332925
1004691207
1004800894
1004832394
1004869519
1004904800
1005155050
1005318207
1005392550
1005498613
1005612613
1005676707
1005890613
1006011519
1006570800
1006605300
1007556363
1007629425
1007754769
1007955082
1008095050
1008115269
1008141300
1008150582
1008327050
1008444707
1008554675
1008786050
1008857332
1008933238
1008996832
1009105769
1009426488
1009488519
1009516082
1009723707
1009761238
1009875300
1009906863
1009941082
1009983988
1010228113
1010399457
1010473675
1010713644
1010957175
1010998019
1011066863
1011157894
1011219582
1011257613
1011451863
1011619550
1011818894
1011985269
1012027113
1012191300
1012466175
1012532363
1012550144
1012569332
1012612269
1012737738
1012877957
1013412019
1013445425
1013682488
1013806644
1013906613
1014058425
1014108738
1014128519
1014251113
1014482394
1014558707
1014603957
1014668300
1014924925
1014959894
1014979207
1015043113
1015095363
1015281363
1015314519
1015405613
1015489113
1015643363
1015854769
1016003332
1016220519
1016405957
1016418332
1016468925
1016476019
1016483738
1016493925
1016517988
1016527425
1016975988
1017108050
1017360238
1017463207
1017833300
1018099425
1018271957
1018366832
1018711707
1019577082
1019640738
1019701894
1019744050
1019830613
1019918894
1019997519
1020070300
1020174988
1020405550
1020679300
1020969207
1021132488
1021430519
1021671957
1021769488
1022076082
1022269394
1022495550
1022554707
1022596644
1022646457
1022751925
1022892519
1022954363
1023020832
1023210269
1023459988
1023515488
1023799582
1023829644
1023865050
1023903113
1023958300
1023987957
1024174269
1024254863
1024299457
1024431175
1024543800
1024568800
1024773457
1024804894
1024853238
1024935800
1024985925
1025103050
1025171582
1025248613
1025368957
1025439332
1025485613
1025564175
1025609894
1025945957
1026000863
1026033925
1026109269
1026152457
1026219832
1026315769
1026553332
1026664175
1026758238
1027138675
1027245394
1028449332
1028600394
1030230425
1030436925
1030533519
1030608457
1030877863
1030962925
1031003144
1031095300
1031148082
1031179863
1031197269
1031234863
1031296707
1031442550
1031510175
1031645113
1031829832
1031860894
1031891582
1031935832
1031971457
1032153300
1032255957
1032299644
1032449457
1032492238
1032536394
1032554800
1032645019
1033471519
1033614488
1034029925
1034084832
1034114769
1034144300
1034180050
1034300644
1034529207
1034580269
1034838738
1035207550
1035439644
1035552863
1035582957
1035659300
1035832707
1035882425
1036189582
1036265175
1036316207
1036375269
1036432644
1036470800
1036993457
1037480175
1037796582
1037840769
1038138863
1038232082
1038441144
1038459800
1038500238
1038533332
1038645863
1038720207
1038751800
1039066488
1039143113
1039371707
1039487707
1039760832
1039836425
1039885832
1039935613
1040123269
1040174394
1040312175
1040366675
1040571675
1040662613
1040764988
1040787738
1040854332
1040885082
1040947957
1040977738
1041130207
1041194894
1041246113
1041344644
1041657769
1041737644
1041771832
1041822582
1042092738
1042197457
1042205394
1042344519
1042383457
1042518800
1042583863
1043065300
1043196550
1043330113
1043504738
1043568925
1043608363
1043643707
1043687457
1043790488
1043827425
1043932613
1044095707
1044151519
1044164613
1044203894
1044268394
1044322332
1044448769
1044512207
1044534269
1044561550
1044766144
1044819269
1044852894
1044893582
1044940050
1044973019
1044988519
1045059675
1045100175
1045141300
1045193300
1045249738
1045319300
1045441332
1045520332
1045750144
1045775675
1045803019
1045880363
1045923925
1045947832
1045959863
1046108800
1046206644
1046323675
1046380582
1046479707
1046497144
1046543113
1046577425
1046623175
1046729207
1046796332
1046849082
1047001082
1047099707
1047148238
1047178019
1047316707
1047616769
1047721675
1047794800
1047917769
1047943707
1047998582
1048019425
1048034457
1048060019
1048074425
1048194707
1048233519
1048315207
1048340113
1048488207
1048573613
1048618925
1048746175
1048813113
1048825019
1048908675
1048941550
1048959613
1049017082
1049133238
1049158082
1049223394
1049268925
1049620082
1049830113
1049858988
1049902675
1049957800
1050173207
1050310582
1050360488
1050397738
1050495550
1050534675
1050791863
1050910738
1051118050
1051159957
1051705800
1051833300
1052028175
1052088300
1052126894
1052318113
1052371957
1052414300
1052591894
1052611832
1052645769
1052673675
1052738582
1052798675
1052836988
1052903550
1053037050
1053077300
1053171769
1053185800
1053230332
1053267019
1053297300
1053347800
1053369894
1053501300
1053654988
1053658738
1053806769
1054149332
1054192207
1054432082
1054464800
1054543769
1054670863
1054702175
1054737675
1055019800
1055564613
1055634613
1055746394
1056136894
1056263644
1056352738
1056427394
1056589738
1056640832
1056694644
1056792332
1057015394
1057097988
1057183332
1057520144
1057587457
1057647613
1057936207
1058015332
1058071363
1058113113
1058243113
1058459613
1058676863
1058722332
1059057800
1059353113
1059371519
1059447269
1059487113
1059553738
1059644738
1059760238
1059823363
1060031488
1060259269
1060297582
1060346675
1060381332
1060582269
1060629363
1060654175
1060681738
1060755488
1060785550
1060899488
1061047644
1061168582
1061211457
1061326925
1061366644
1061415488
1061630207
1061663269
1061896363
1062015800
1062044675
1062084519
1062116332
1062176550
1062271894
1062319488
1062363613
1062471894
1062534894
1062583894
1062603550
1062647050
1062738050
1062777519
1063148300
1063171519
1063262488
1063439769
1063566394
1063608175
1063888019
1063909019
1064131894
1064324707
1064360957
1064512175
1064556019
1064646800
1064742644
1064776050
1064821175
1064856925
1064897457
1064957769
1065017675
1065435488
1065624238
1065682550
1066063050
1066161957
1066505457
1066589582
1066674050
1066777957
1066849238
1067122800
1067154238
1067450332
1067522894
1067570394
1067650394
1067798425
1067927394
1068167175
1068292550
1068452207
1068490644
1068724050
1068935925
1069461019
1069594675
1069923175
1069985800
1070303832
1070470332
1070527144
1070553613
1072232550
1073569363
1073919394
1074078863
1074120707
1074189894
1074387457
1074422082
1074827457
1075330394
1075376707
1075482269
1075605925
1075697957
1075752019
1075789363
1076460425
1076790957
1078122988
1078163957
1078237707
1078496707
1078550925
1078830082
1078905144
1079105113
1079215644
1079371144
1079559332
1079654675
1079807957
1079859519
1080322519
1080555519
1080744800
1080807863
1080882050
1080947675
1081010363
1081397175
1081542144
1081662925
1081753488
1081961425
1082069894
1082191894
1082246082
1082298332
1082402113
1082439925
1082698582
1082985019
1083038425
1083062769
1083111800
1083803988
1083852332
1085861519
1087652050
1087864894
1088076488
1088210425
1088259082
1088584582
1090219488
1090610675
1091399769
1093233363
1093799300
1094324144
1094856769
1104835519
1106937488
1106966519
1107019925
1108830144
1114725082
1119145332
1119657519
1119720800
1120132394
1120366925
1120439300
1120540457
1120557519
1120610550
1120670113
1120816300
1120955550
1121498082
1121926332
1122247332
1122566050
1122639582
1122862144
1123463207
1123472082
1123643582
1123708925
1123778457
1124538488
1127289425
1128208832
1128502019
1128659300
1128697425
1128707769
1128753832
1128767488
1128801457
1128810269
1128828207
1128859738
1128886144
1128928613
1128947050
1128962894
1129010832
1129039207
1129060394
1129089175
1129152332
1129176050
1129208363
1129348707
1129509082
1129535394
1129572957
1129597332
1129620925
1129684300
1129868082
1129927550
1130845738
1130951957
1131160113
1132032207
1132174394
1132265707
1133719738
1133764300
1133775175
1133814394
1133969800
1133997207
1134019550
1134105832
1134132863
1134186300
1134283457
1134372332
1134532425
1134594925
1135152457
1135363582
1135489394
1135614613
1135646519
1136003207
1136046425
1136168300
1136252832
1136315925
1136343425
1136533863
1136578488
1136627457
1136680300
1136910082
1137155425
1137229707
1137498613
1137745425
1137894082
1137939988
1137987769
1138019019
1138083332
1138258550
1138302144
1138414707
1138481394
1138539457
1138596832
1138718300
1138742550
1138781613
1138818988
1138875300
1138947769
1139118207
1139212238
1139242363
1139283082
1139345207
1139411582
1139437675
1139553863
1139608988
1139666019
1139698300
1139746550
1139869582
1140145644
1140455144
1141791113
1143559613
1143901675
1143948707
1144010019
1144235050
1144387550
1144459675
1144517300
1144560425
1144796832
1145443300
1145479707
1145580300
1145686644
1145913300
1146100300
1146329675
1146626925
1146708300
1146763957
1146807644
1146950457
1147144425
1147282925
1147330675
1147424582
1147669550
1147738113
1147891925
1148346707
1148458957
1148548050
1148574863
1148624800
1148950175
1148981644
1149003644
1149092363
1149130238
1149286082
1149341457
1149407613
1149457363
1149500863
1149529425
1149582488
1149645800
1149744613
1149968988
1150263894
1150318019
1150355675
1150421144
1150500894
1150529644
1150678988
1150722113
1150793175
1150953738
1151011519
1151049488
1151242519
1151309082
1151333113
1151372488
1151515613
1151602050
1151687394
1151776113
1151949019
1152009644
1152035144
1152285832
1152324238
1152386082
1152422019
1152530769
1152572269
1152663300
1152693113
1152732988
1152881894
1152998332
1153017550
1153158925
1153199707
1153295832
1153393113
1153421425
1153449582
1153612300
1153669457
1153723082
1153833800
1153895488
1153953769
1154038207
1154065144
1154095769
1154276894
1154375144
1154402269
1154417707
1154446082
1154493300
1154507894
1154697394
1154839863
1154908863
1154965582
1155099488
1155144082
1155238613
1155321988
1155355769
1155395238
1155543113
1155685425
1155928894
1156142925
1156180644
1156711394
1156771644
1157093050
1157213394
1157340707
1157486925
1157538988
1157706550
1157844800
1158017925
1158058269
1158278957
1158341300
1158394519
1158504144
1158560113
1158777207
1158871144
1159068769
1159184925
1159247519
1159353050
1159532050
1159596800
1159809769
1159859082
1159882769
1159945988
1160026863
1160134863
1160203644
1160252488
1160340863
1160360707
1160452175
1160485613
1160592300
1160621300
1160689832
1160812488
1160849988
1160910863
1161115488
1161315894
1161423175
1161502894
1161990957
1163041832
1163288613
1163526300
1163749425
1163792894
1164114175
1164222769
1164349175
1164441425
1164492238
1164558425
1164602675
1164875238
1165063238
1165178425
1165226769
1165274457
1165510113
1165663707
1165727457
1165937113
1166010832
1166166300
1166332269
1166509300
1166544300
1166629738
1166657300
1166696613
1166901675
1166925769
1167408644
1167935644
1168095238
1168337957
1168378863
1168398425
1168825207
1169135332
1169587207
1170487113
1170530675
1170555863
1170575488
1170640394
1170699488
1170788894
1170904707
1171039644
1171148457
1171408832
1172083582
1172146238
1172240207
1172290175
1172346894
1172502332
1172570082
1172616613
1172670988
1172840675
1172949832
1173038332
1173246394
1173309738
1173421707
1173507675
1173660644
1173715644
1174596519
1174970082
1175306832
1175529425
1175597082
1175635238
1175896894
1176115113
1176181175
1176343144
1176693957
1176770832
1176797113
1176834300
1177164769
1177229613
1177339863
1177522082
1177667519
1177692613
1177716957
1177973363
1182077894
1183301988
1183469613
1184111175
1184151519
1184937738
1186670925
1186749988
1187122082
1187630894
1187969738
1188055519
1188541550
1189241925
1189352988
1189524613
1189768488
1189900519
1190128363
1190329425
1190501082
1192104238
1192382363
1192785332
1192998988
1193155050
1193171925
1193303457
1193350082
1193381019
1193429613
1193703613
1193830082
1193879394
1194024269
1194281675
1194523207
1194585175
1194682425
1194729613
1194848238
1194963800
1194999769
1195041238
1195805144
1196000300
1196251925
1196311582
1196491050
1196548738
1196854894
1197007238
1197122550
1197339582
1197763425
1198311894
1198414613
1198630175
1198773519
1198857988
1199001082
1199069363
1199104800
1199145019
1199382832
1199440175
1199562457
1199592894
1199847738
1199870425
1200005175
1200130175
1200245925
1200288050
1200315457
1200554394
1200575175
1200616207
1200708582
1200770488
1200807019
1200988738
1201055988
1201181082
1201211207
1201270519
1201352644
1201418363
1201544832
1201624707
1201833644
1201944457
1201965457
1202012175
1202053519
1202102207
1202146769
1202161113
1202180925
1202224050
1202251519
1202382175
1202570488
1202623332
1202754988
1202833800
1203046644
1203381332
1203427300
1203526050
1203874144
1204090957
1204156613
1204224707
1204302238
1204362769
1204433832
1204475957
1204540332
1204555332
1204674082
1204706800
1204732144
1204790519
1204808519
1204899988
1204913082
1204933238
1204986332
1205160613
1205507332
1205686832
1205937675
1206092207
1206219644
1206291082
1206380082
1206481300
1206705488
1206740175
1207121738
1207214613
1207261582
1207519457
1207784394
1207863800
1207913957
1208092707
1208169019
1208263925
1208511644
1208635332
1208781488
1208811144
1208902769
1208997738
1209306894
1209365800
1209486019
1210015519
1210060582
1210182519
1210273738
1210333300
1210732207
1210763488
1211148457
1211433957
1211512769
1211753144
1212086144
1212258425
1213717113
1214771832
1214904332
1215105457
1215427394
1215524925
1215729832
1215871644
1216041894
1216342988
1217266957
1217398550
1217863363
1217910613
1218463582
1218490019
1218789550
1219011738
1219304925
1219428675
1219484363
1219578082
1219731957
1219790050
1219914300
1220143363
1220282488
1220402832
1220862644
1221112707
1221293769
1221480675
1221597488
1222171582
1222252238
1222301425
1222593925
1222764363
1222872769
1223505019
1223726675
1223822675
1223851425
1224003019
1224126144
1224213050
1224287707
1224334550
1224381113
1224510300
1224572738
1224713332
1225598675
1229298769
1229364332
1229441488
1229617832
1229732707
1229796363
1229849269
1229869082
1229924144
1229964957
1229993519
1230031800
1230075675
1230315269
1230427675
1230480238
1230522363
1230552019
1230570707
1230582050
1230622050
1230796300
1230851957
1230947332
1230982394
1231087144
1231193707
1231262394
1231677644
1231732425
1232401363
1232460738
1232584894
1232656582
1232997425
1233202957
1233677300
1233711425
1233733269
1233780675
1233947144
1234073613
1234180300
1234451300
1234604425
1234652363
1234705957
1234766644
1235265832
1235506269
1235587363
1235672457
1235952769
1235982644
1236012394
1236150894
1236362457
1236453738
1236589863
1236653019
1236690769
1236795925
1236889425
1236972707
1237048207
1237112175
1237250269
1237410113
1237469957
1237919613
1238294363
1238397175
1238764488
1238957457
1239133300
1239180519
1239309300
1239359769
1239440457
1239561207
1239702207
1239728019
1239864457
1239942082
1240108113
1240257550
1240646644
1240847019
1241066207
1241081300
1241110988
1241168832
1241205582
1241225019
1241289925
1241436488
1241682394
1241831957
1241943050
1241976863
1242325769
1242358925
1242617363
1242728363
1242877363
1242981550
1243115738
1243134332
1243250269
1243369394
1243584644
1243778832
1243895050
1243958863
1245445019
1247835425
1247876269
1248796644
1254692988
1255467175
1255572488
1256616269
1257932863
1258557582
1259046925
1259160300
1259301988
1259444988
1262441175
1262808300
1263935925
1264049519
1264199300
1264462519
1264567082
1267235707
1269925613
1270077019
1270230019
1270301800
1270379363
1270503550
1270602519
1271415488
1271576957
1271668207
1271707675
1271890425
1272074144
1272212675
1272447332
1272561769
1272608519
1272727800
1273312457
1273567613
1273694675
1273793238
1273835238
1273911019
1274138613
1274202113
1274308550
1274396863
1274515113
1274532550
1274607144
1274669519
1274694238
1274929988
1275041488
1275083488
1275173613
1275216082
1275235019
1275243425
1275260925
1275273644
1275293519
1275316238
1275366519
1275435863
1275518050
1275598832
1275622269
1275652488
1275763894
1275888144
1276040238
1276061363
1276268707
1276315957
1276899144
1277063457
1277331425
1278546957
1278636488
1279268644
1280550269
1283212394
1283309269
1289306457
1294572550
1294633988
1295688832
1296602488
1296791550
1300229238
1303244707
1309556863
1309644332
1313475175
1314529457
1318886488
1324061613
1332779769
1334958519
1335352394
1335643363
1336695300
1336838363
1337752550
1337827988
1341138613
1345273613
1346240800
1365493113
1366185082
1367812425
1370165269
1372859707
1374720738
1374864582
1380774675
1380812082
1380911019
1381480675
1381537457
1381667207
1382105175
1382403238
1382695113
1382764050
1382844769
1382899707
1383019925
1383121457
1383171988
1383274738
1383349332
1383883675
1383945550
1383981769
1384029863
1384169769
