321819587
321943274
322347430
323312462
331887587
331963024
332034805
332099243
332304805
332594024
332707618
332779149
332791087
333174649
333279243
333290305
333394680
333523868
350173524
350231024
350350524
350444524
350595899
350662680
350755899
350845774
350984430
351172399
351282712
351362555
351400774
351661274
352200555
352608587
352830555
352926118
353110805
353168337
353218837
360011962
361967493
362588337
363150055
371479118
371581055
374264524
374637337
374759930
375168212
375258555
375332462
375417055
375585149
375802868
376174962
376451305
376816024
376829368
376858587
376999337
377018118
377069399
377089805
377105649
377115618
377153055
377208305
377236524
377256962
377287649
377363149
377385055
377412368
377439930
377465587
377491555
377557930
377626524
377627680
378037305
378262212
378750118
379047149
381359837
381483805
381568524
382276524
382445899
382575149
383033649
383191055
383592368
383715805
384029180
384296993
384408462
384487774
384573774
384717712
384841118
385367993
385683899
385738680
385783930
385841837
385947462
386070524
386230618
386312368
386359305
386462993
386554430
386746774
386914712
387018930
392295180
392641524
392717712
393331993
409312368
409387087
409445555
409538243
409647493
409692868
409759430
409821243
409858743
409918680
409974524
409989149
409999868
410079962
410147180
410181524
410209649
410248430
410334212
410401399
410418399
410506805
410597430
410657212
410745618
410912180
411167243
411227993
411304649
411416805
411515524
411561399
411673305
411788805
411855055
412144899
412198555
412283899
412369805
412521805
412606243
412750024
412844055
412911587
413056212
413167087
413237993
413278149
413349368
413415930
413507555
413681837
413828430
413993305
414123962
414237930
414312149
414564305
414727712
414838118
415011118
415100243
415261868
415641774
415912149
417511462
417656493
417916118
418546618
418661024
418758337
418843055
419074337
419140493
419182087
419229118
419275087
419299587
419310774
419328680
419427649
420368087
420759274
420923024
424825462
439544149
439780274
448218493
449264430
449329587
450521024
453381618
455092118
455222430
458173118
458230618
458295024
458366837
458536212
458556555
458580587
458663868
458695868
458751149
458786899
458819180
458831118
458923712
458952743
459005555
459053774
459065243
459152493
459477399
459656493
459704930
459765118
459811462
459895962
459906524
459930024
459951712
459994555
460034149
460062962
460090649
460097618
460117774
460126462
460152774
460164337
460207118
460286993
460379712
460395555
460419274
460451024
460484680
460543399
460552368
460573087
460588899
460609493
460621212
460651368
460675868
460716524
460728930
460743305
460758868
460770962
460801930
460819430
460844087
460868524
460884774
460902649
460915712
460936087
461005212
461057993
461073993
461118493
461139243
461167087
461199805
461218868
461268243
461287555
461319493
461332805
461342962
461422868
461436774
461501212
461533712
461544149
461561305
461593649
461609149
461673149
461690337
461786962
461830399
461839555
461904649
461952149
461978274
461999149
462013743
462038493
462061618
462102743
462113555
462127618
462159868
462216680
462301524
462341618
462354243
462405712
462440993
462455993
462539555
462548649
462599337
462652555
462671274
462683305
462726055
462741462
462752055
462793462
462808618
462870180
462910399
462960743
463008305
463052993
463097212
463106305
463117337
463164618
463206930
463218962
463245462
463264180
463328712
463340493
463349712
463387493
463462774
463487430
463528962
463576243
463617055
463649618
463686680
463699899
463790743
463818618
463827774
463880899
464081305
464135930
464165993
464200712
464223243
464240587
464294180
464323180
464362493
464402149
464443118
464453555
464472743
464635993
464697274
464787930
464856524
464872243
464911649
465041805
465059212
465094868
465168774
465257243
465364805
465455118
465489899
465504087
465523712
465646087
465712274
465772024
466020212
466166087
466254805
466383774
466505962
466611243
478090212
485757055
485921805
486055618
486390962
486555462
486604993
486656118
486744618
486832618
486877087
489343805
489480430
491255743
491676743
491800805
491945743
492097743
492301618
492371649
492494899
492576680
492654587
492791805
492865118
492940180
493183399
493377837
493452712
493585274
493737524
493894024
494354368
494433087
494947462
495776587
496168493
501508305
507382243
507573649
512723524
512931837
516738399
516877274
516943868
523546430
527914430
529812024
530036805
530723399
531764337
538889524
538955680
539085587
539341399
544238180
545026274
546953087
547094680
547555462
547683399
547811368
547893618
548175837
548342618
548370555
548624524
548766337
548826837
548914399
548977680
549062462
549143055
549200993
549268993
549393212
559646087
559754743
559842024
559985274
560059493
560214243
560313337
560445868
560622712
560734993
561298462
569283024
569407962
569649555
569791430
569975212
570068087
570149305
570237993
570315462
570448618
570468430
570501743
570546399
570622180
570636649
570674305
570684930
570747837
570779399
570819305
570873712
570936837
570999962
571081993
571144962
571172274
571183868
571236993
571266087
571299930
571310555
571327774
571370618
571385837
571406212
571421649
571475368
571483837
571497180
571516524
571529024
571549462
571566930
571584118
571629024
571643243
571657118
571695399
571728430
571757337
571774962
571794680
571825555
571838649
571857024
571875305
571887462
571912962
571922524
571946930
571956618
571984399
572027305
572036712
572065305
572098899
572149243
572169649
572214680
572251462
572263930
572290680
572303212
572328212
572341055
572388805
572398712
572434368
572443368
572454368
572492493
572516680
572556774
572565493
572611087
572679430
572717087
572753555
572807524
572820024
572841212
572850243
572865774
572957680
573011805
573028243
573043649
573058712
573126493
573137743
573189837
573204837
573252618
573266555
573276430
573319774
573356149
573402555
573419774
573453712
573503430
573527962
573557430
573567868
573602087
573655524
573675180
573685712
573729837
573743024
573767430
573777243
573803993
573823868
573860993
573885649
573919524
573931118
573969024
573979430
574016680
574027462
574040962
574049493
574084149
574097118
574126087
574148743
574167243
574175868
574187868
574206180
574224524
574240868
574330899
574341024
574369930
574393024
574401212
574431774
574449430
574500337
574519587
574528024
574567930
574586899
574596274
574607337
574659024
574681712
574708993
574742743
574758055
574776899
574796774
574855743
574866149
574893618
574943462
574966774
574990899
575026087
575060055
575075493
575119087
575139712
575168805
575194368
575230024
575244837
575291212
575343087
575360587
575385680
575395743
575412180
575460368
575474055
575486680
575550118
575577368
575594149
575608243
575671024
575685618
575709305
575720805
575748430
575797899
575807930
575855680
575898712
575912868
575923899
575952430
575962868
575977618
575994868
576004743
576016805
576029837
576049087
576064868
576087868
576114805
576143555
576183649
576247180
576254493
576269368
576303243
576316368
576337555
576351805
576361087
576370837
576436712
576451680
576495305
576515399
576541680
576568680
576580212
576591712
576635337
576657055
576683180
576698930
576712993
576761118
576777712
576788180
576812399
576830305
576844524
576902618
576916118
576956430
576966962
576981649
577006712
577024993
577039805
577059118
577067618
577121680
577169555
577191149
577218618
577227180
577277712
577313493
577325837
577338462
577360493
577428712
577454212
577475680
577514618
577534243
577549368
577560837
577581305
577593243
577614149
577628649
577681337
577703680
577719462
577730587
577750368
577770243
577790118
577805899
577894837
577906212
577916462
577924212
577943524
577992868
578007649
578025087
578036087
578043837
578067399
578090680
578111587
578141368
578184837
578203962
578216180
578248712
578338868
578354555
578394930
578420368
578432087
578496462
578510805
578530337
578581368
578593868
578628430
578683618
578698243
579030368
579143055
579219212
579323368
579385212
579467712
579485305
579523087
579591337
579619180
579678430
579692774
579704055
579720587
579786587
579805399
579861618
579878680
579944149
579974430
579987587
580079430
580091243
580222399
580254743
580456368
580624805
581382774
581424962
581511430
581655024
581718712
581793680
581866087
581890805
581945024
581963868
581976430
582038899
582238243
598051649
598133930
598187805
598229587
598264118
598298462
598342055
598370024
598379712
598442930
598492493
598503180
598562618
598579868
598608649
598718930
598820774
598939493
598967962
599017993
599132274
599242555
599307649
599400368
599500649
599581305
599638430
599676774
599754805
599793618
599942837
600050337
600221555
616216055
621836055
622026024
622717087
623041774
623156087
625720524
625826368
625862118
625973462
625988930
626014087
626068493
626103587
626110524
626130149
626179868
626231743
626256868
626267618
626283493
626322462
626361680
626379837
626399618
626409649
626426587
626435587
626476587
626494149
626525555
626532555
626550680
626594712
626636368
626650024
626679180
626697024
626711055
626758024
626773774
626836712
626874524
626893743
626907805
626947930
626996837
627025962
627065118
627119680
627131743
627194649
627215399
627249180
627263774
627400930
627488024
627696649
627792680
627843024
627892243
627957212
628037055
628057399
628144368
628227149
628325837
628423368
628489743
628563524
628727712
628783837
628886837
629002587
629081462
629171087
629329618
629420274
629613087
629708774
630258055
630316962
630363805
630400118
630463899
630578243
630668087
630739680
630808337
630835868
630969430
631092618
631187837
631328055
631394837
631511774
631577024
631592055
631670712
631769993
631791149
631849055
631887243
631945430
632408118
632924837
633079837
633354462
633489118
633629712
633740274
633816868
633936180
634087430
634633055
634651055
634670055
634684462
634703368
634732212
634743555
634764899
634791149
634818462
634845712
634918087
634947680
634965712
635003149
635188837
635367337
635472149
635675212
635761524
635819305
636094399
636462430
636638149
637109587
637189618
637215212
637229180
637259305
637314274
637397930
637491587
637564712
637739649
637793243
637823868
637855649
637873430
637883805
637951399
637975337
638027837
638091024
638100649
638210118
638244305
638305618
638345399
638368712
638477399
638514743
638566462
638640712
638751493
638895087
638978212
639089337
639208930
639358212
639562774
639630305
639671493
639802430
639859743
639910305
639983087
640048962
640279868
640503430
640725493
640876087
641016430
641195524
641250305
641269055
641335587
641413618
641444243
641516274
641539712
641580024
641608618
641660555
641671680
641736087
641892399
641968243
641984462
642162962
642210868
642242993
642281524
642340680
642369149
642396212
642447899
642532587
642593399
642672743
642685524
642704712
642714712
642743524
642762493
642815680
642851055
642862899
642956587
642974243
642984368
643020962
643055212
643072680
643081087
643151587
643174274
643251805
643269118
643368899
643428868
643531805
643639555
643683774
643767493
643952118
643989993
644078555
644149587
644316337
644461774
644559462
644682555
644765962
644842524
644891930
644999618
645026837
645043399
645081774
645091837
645155805
645182680
645209649
645246149
645258774
645284774
645307680
645344462
645369837
645384868
645454149
645472024
645509649
645544212
645577930
645632243
645668180
645676743
645697649
645725587
645756899
645780555
645792555
645810243
645907774
645929837
646018555
646096962
646174305
646265493
646357712
646368962
646506930
646565993
646628587
646709805
646746212
646790587
646837524
646855962
647035805
647153462
647254024
647321805
647476118
647646024
647723055
647822305
647960805
648042024
648125149
648344399
648397493
648492587
648505837
648572712
648606024
648664524
648694055
648797837
648814774
648853993
648874118
648900118
648931868
649039618
649140555
649216055
649247368
649295962
649450868
649548368
649714368
649778680
649988962
650042899
650234649
650318305
650500493
650680930
650737618
650894493
651075899
651161524
651245618
651290555
651304430
651369774
651418962
651561993
651725587
651941055
652106149
652188493
652238212
652279680
652309212
652429055
652485899
652497743
652598180
654704430
654860337
654964087
655079305
655210587
655269087
655283180
655328087
655440149
655501243
655517399
655534274
655545493
655579180
655621305
655694024
655803805
655851180
656053212
656149649
656272618
661212930
662199555
680464087
680599274
680905430
682725337
684101962
709316743
709461430
709539712
709617680
709734930
709803118
709875555
709976337
710047930
710091118
710134868
710222118
710284524
710425962
710488337
710686774
710742368
710792430
710806212
710895649
710935212
711060493
711093087
711140524
711159274
711195149
711215462
711249805
711320305
711396555
711423087
711491962
711513149
711522430
711585274
711636274
711654649
711673024
711695399
711723087
711770462
711807680
711841087
711850055
711863305
711933149
711976899
712025055
712057743
712112337
712147930
712180180
712231805
712297368
712347462
712355962
712396649
712408493
712450087
712460118
712495305
712525680
712534462
712583649
712651274
712671868
712735868
712756337
712823837
712925930
712958055
712984055
713029680
713054337
713122430
713137462
713159743
713187743
713204649
713252805
713269680
713365368
713373243
713402774
713418493
713472805
713493493
713509243
713535587
713586212
713600274
713608024
713658024
713717180
713739837
713758712
713793743
713811680
713826743
713874180
714007274
714060305
714092180
714149524
714216024
714271337
714372524
714453899
714603743
714616243
714697805
714840149
714895493
714958774
715075430
715093274
715165555
715209993
715305805
715376868
715429399
715532649
715627399
715686618
715702149
715769899
715865399
715891430
716019087
716134524
716462837
716631680
716700368
716874149
717009118
717074962
717137743
717191743
717300305
717420149
717615962
717665930
717690368
719013555
719130337
719227274
719282555
719361743
719499805
719609805
719662212
719728493
719795743
719847993
719868993
719988524
720042837
720083430
720149805
720198274
720225243
720262930
720281118
720297305
720309805
720359524
720419680
720470993
720490118
720506087
720537680
720564899
720591212
720608368
720675305
720705212
720721149
720763868
720796337
720810712
720916680
721044712
721123024
721186837
721284774
721371180
721606180
721714430
721875649
722186524
722736962
722875868
722984524
723151899
723300305
723417305
723595868
723715993
724299274
724381962
724463712
724531868
724608368
724717837
724728149
724807930
724840024
724858430
724923962
724960243
724968587
724979649
725032243
725067087
725119618
725130524
725144837
725165868
725194305
725248430
725290774
725324212
725346087
725376087
725546024
725588399
725645618
725681680
725752055
725781774
725794462
725831118
725864930
725881430
725938618
726107743
726159743
726237587
726303368
726417180
726501180
726572462
726638399
726708118
726733024
726814180
726845962
726878805
726889462
726945555
726989712
727033962
727104712
727134555
727290180
727370743
727464274
727497805
727551305
727609805
727627774
727724149
727758087
727767774
727779024
727864774
727892055
727922587
727981337
727990399
727998899
728022587
728035493
728074493
728101837
728112712
728129055
728145305
728166555
728192649
728223868
728264649
728313993
728326118
728351368
728415962
728451837
728477399
728501993
728541774
728581024
728590680
728640368
728653962
728694337
728799399
728872118
728910337
729038430
729131587
729170930
729294555
729378680
729504149
729665837
729685399
729750493
729781493
729801462
729815430
729894524
729938180
729953243
729965712
729975055
730001618
730029337
730080962
730091430
730118930
730166055
730211618
730220618
730286805
730405993
730461868
730571243
730614118
730742868
730885118
730959868
731017180
731072524
731088649
731247462
731290930
731448555
731669180
731715712
731755274
731809274
731876805
731940180
731952337
731971524
732079493
732089212
732139587
732184337
732264930
732306024
732406462
732422087
732513930
732614743
732658024
732735274
732753774
732813024
732852493
732920743
732937743
733026618
733144274
733190555
733220587
733283212
733329618
733385118
733396587
733413805
733493899
733566930
733577743
733593024
733660149
733671180
733694212
733723180
733910024
734005243
734067337
734163462
734210774
734286087
734326212
734364837
734377993
734395087
734469399
734557555
734632180
734666649
734716524
734794555
734879368
735031055
735116305
735223430
735301524
735386243
735499649
735790274
735962212
736016368
736073680
736083587
736108462
736156712
736170930
736201118
736250524
736293805
736389899
736440368
736513837
736715118
736906337
736947399
737488524
740112524
740208399
740481462
740684712
742604274
748768024
750226493
759744774
764764993
769307743
769444837
769559243
769955649
770362774
773780462
773942055
774138243
774392337
774595180
775135555
775404430
775784555
775872899
776199399
776235774
776621212
776853274
777361024
777745930
777779649
777919305
778027555
778139368
778243524
779630337
779957587
780013837
780221837
780607493
781010243
781118274
781217680
781279055
781352649
781381087
781451305
781510774
781649993
781694524
781712149
781781180
781848743
781893212
781971118
782033837
782084712
782171555
782289430
782341243
782396899
782436493
782456337
782478618
782501868
782660430
782711837
782723805
782742274
782797555
782809243
782846618
782903180
782923587
782944962
782973712
783010149
783061430
783075712
783102337
783163649
783308493
783379649
783437337
783494555
783517555
783564899
783573212
783623618
783713024
783731024
783740993
783771993
783794805
783824305
783836993
783984462
784303399
784404649
784496180
784537368
784827868
785010024
785054837
785154180
785299337
785395462
785573149
785676555
785758493
785833962
785860087
785871118
785931524
785989180
786002399
786042618
786052024
786122555
786171774
786224430
786239680
786313305
786330618
786392930
786409618
786427649
786443305
786462430
786501180
786532212
786573837
786639618
786707868
787694962
793202868
793304774
793472399
793670118
793789962
793886180
793946274
794028524
794107774
794168087
794249555
794286399
794326555
794373993
794446462
794508587
794584712
794649524
794713180
794785274
794950243
795085930
795143493
795163649
795211087
795245868
795275368
795286180
795319087
795350212
795381493
795416649
795436962
795468899
795482743
795495493
795524274
795568868
795618149
795672274
795725649
795746587
795776743
795828087
795835243
795863899
795879337
795892587
795923024
795979930
795994430
796030899
796054493
796067212
796116149
796127962
796146337
796157555
796170180
796213524
796249555
796262587
796292649
796313399
796320743
796350274
796376805
796383149
796398680
796416930
796430805
796439587
796461680
796485212
796537274
796553493
796591555
796609649
796659493
796670493
796707962
796757993
796767587
796779899
796842212
796935993
796980243
796998868
797013305
797065462
797091774
797098055
797159337
797233805
797261774
797295524
797339649
797357962
797470149
797672524
799532368
800650243
800775618
801292899
801472430
801567587
801817430
801972555
802063743
802184837
802421118
802577524
802940712
803256087
803401774
805529024
805643524
815376274
815497930
818153149
818257993
818442837
818559462
818584618
818645118
818774430
818874993
819068462
819180493
819316930
819480712
819612368
819672305
819711493
819797274
819873680
819940555
819993868
820037399
820129180
820176618
820210774
820256743
820299805
820354024
820379430
820399212
820410587
820429212
820439805
820486774
820511555
820564805
820603805
820638743
820650212
820721212
820730899
820756118
820797899
820808993
820837305
820848962
820858337
820865024
820896087
820956337
821000087
821017680
821026680
821095587
821117618
821175399
821225868
821296587
821498649
821583962
821635555
821720368
821825305
822072555
822317337
822364962
822498743
822528462
822578649
824309868
824666712
824801680
824933618
829050305
829298618
829620837
829801962
830332587
830470680
830757712
830898524
831043399
831094368
831145774
831255087
831302399
831401774
831467524
831584149
831653587
831702274
831863993
832041899
832086805
832118899
832173399
832216149
832285118
832442493
832647680
832724212
833213743
833319212
833468868
833610524
833723774
833808430
833899180
834017837
835511024
836767399
836947055
837098993
837374930
837545243
837805493
837946837
838063993
838149837
838227587
838310274
838406212
838419837
838478649
838519024
838531587
838552462
838573680
838597743
838619805
838649524
838667493
838768680
839473462
839652430
840249118
840347462
843908618
843955087
844011524
844049712
844097962
844118118
844165430
844200774
844282680
844308774
844332493
844354024
844360118
844409524
844455462
844486680
844533993
844600805
844622118
844636462
844651618
844703180
844722837
844733774
844778087
844819337
844828243
844952087
844975993
845012930
845045055
845069680
864153743
866162337
866407587
872252024
872329430
872415837
872618274
872624274
872636743
872655055
872760430
872826618
872862305
872952368
873068493
873139274
873222805
873314024
873524305
873638524
873717930
873841180
877675274
877772712
877923337
920276399
920617024
920884024
921058524
930796430
935579587
940926712
941205149
941318493
942332462
943103118
945935680
956594774
956743055
956829368
957100399
957348743
957803430
960364243
960773712
960993212
961044837
961119993
961167024
961321993
961597337
961671555
961758368
961805462
961886462
961917118
962005555
962209962
962391368
962520180
962940243
963196024
963250962
963333180
963613087
963644399
963730962
963764462
963818430
963938430
964020618
964087649
964129087
964205055
964247087
964355899
964365149
964401712
964458430
964486524
964554587
964567149
964578399
964592493
964605212
964646149
964673149
964689055
964705618
964719024
964735024
964789930
964804055
964826430
964852243
964880180
964887118
964913243
964959899
965091430
965102305
965118587
965146212
965184743
965195618
965249399
965258524
965308493
965326774
965352962
965375305
965402774
965446712
965464555
965494305
965512055
965544055
965583368
965619399
965626368
965647368
965665868
965707212
965883993
966098430
966190212
966294899
966404305
966487555
966528212
966639868
966678337
966783680
966937087
967044712
967108618
967183993
967225743
967311899
967372462
967393118
967440149
967533587
967623055
967672243
967706399
967725555
967736962
967831399
967907618
967929837
968095087
968331462
968426055
968532649
968665430
968768399
968835118
968899868
969012774
969087993
969211868
969325524
969422868
969431962
969459212
969556649
969651774
969799993
969931555
970042805
970176180
970240430
970297743
970374774
970479305
970546587
970602962
970617993
970743493
970820149
970895680
971002305
971047055
971088243
971113899
971183149
971202118
971231118
971240712
971266524
971296930
971372837
971399587
971439399
971487055
971526712
971583993
971594962
971731680
971745337
971842149
971882805
971950899
971992180
972000212
972091243
972199430
972263743
972329399
972358274
972391087
972409649
972428243
972452274
972505680
972544993
972591180
972611274
972632930
972676993
972703274
972710868
972827462
972885118
972907837
972920118
972932274
972966274
972994274
973101212
973152712
973164524
973220649
973255712
973270587
973287212
973345430
973395212
973413993
973444805
973502587
973622180
973687430
973776899
974132337
974290024
974388712
974486524
974552337
974573837
974678368
974755493
974889274
974928368
975030462
975041930
975052493
975065587
975093837
975108399
975115930
975125805
975144430
975168180
975246962
975283368
975345493
975365899
975384024
975403430
975420180
975481555
975491118
975549149
975607212
975812024
975885587
975939180
975967524
976010930
976055024
976104805
976151493
976184962
976198743
976221649
976227305
976277618
976298118
976382149
976445524
976580649
976625649
976750712
976804587
976854899
976866524
977061118
977221180
977304149
977464993
977531524
977599524
977659305
977753743
977848493
977905774
978003399
978086899
978100368
978207837
978241587
978357368
978398212
978406712
978456837
978559837
978581430
978611368
978761118
978789180
978815868
978830555
978928305
979366024
979416243
979445462
979504649
979587274
979632024
979709024
979762649
979860774
979946555
980018743
980089462
980128180
980172337
980188055
980211024
980230493
980259368
980268337
980294305
980309712
980334993
980357993
980387243
980397680
980415118
980431493
980449087
980463837
980480618
980510524
980528805
980539399
980562805
980574337
980590930
980605837
980618962
980668493
980683399
980695493
980704899
980737462
980757618
980793430
980934024
981056430
981142212
981186524
981198930
981207649
981241462
981257805
981271618
981304305
981331118
981363180
981377993
981404368
981413774
981430993
981492243
981576118
981590680
981633493
981651087
981675618
981692712
981714055
981726243
981736149
981766212
981800649
981822899
981828524
981851524
981859868
981867462
981893462
981915587
981945555
981964118
981982712
982000618
982009680
982036399
982050868
982061337
982086649
982111087
982146368
982156649
982665680
982877118
982888837
983096462
983630649
983669430
983688493
983733337
983777743
983850680
983866337
984107274
984212805
984377024
984493555
984576899
984799087
984858712
984898305
984972899
984983899
985114118
985168149
985183930
985337805
985526149
985636118
985687837
985755774
985799305
985870055
985891680
985906149
985938837
985971774
986029368
986142962
986196962
986285805
986328868
986402055
986423493
986458149
986519962
986584337
986673805
986679712
986704243
986761993
986827368
986872993
986933774
987032368
987086305
987110930
987160462
987177493
987239899
987316243
987354055
987466274
987560555
987650212
987833337
987967868
988006837
988125587
988132555
988201368
988209743
988240524
988297118
988435274
988630587
988719024
993534274
993672743
993727243
993983587
994125805
994366305
994979899
995255024
995379243
995474868
995654680
995712337
995770962
995822805
995950712
996015149
996117962
996173430
996249587
996411368
1000983274
1001060868
1001125493
1001179368
1001309805
1003319493
1003998493
1011348868
1011435430
1011511868
1011605274
1011676274
1011677337
1011791024
1011820712
1011931555
1012010087
1012046930
1012104180
1012181743
1012375649
1012576493
1012655118
1012768149
1015314680
1015434462
1015626774
1015776930
1015820899
1015869680
1015895837
1015991149
1016008993
1016060493
1016081149
1016184305
1016275680
1016355305
1016554368
1016941274
1016989399
1017016024
1017106774
1017252243
1017281555
1017323118
1017342774
1017404837
1017490212
1017521493
1017581212
1017766743
1017837180
1017886087
1017914024
1017972087
1018021055
1018077555
1018115868
1018127930
1018150493
1018182680
1018246868
1018256587
1018305055
1018326368
1018339774
1018382868
1018405649
1018439805
1018461337
1018501462
1018538305
1018607430
1018685805
1018746430
1018780962
1018812149
1018821212
1018880274
1018999962
1019023743
1019069837
1019286524
1019320712
1019335430
1019388462
1019402993
1019419587
1019434805
1019577368
1019589649
1019618243
1019683868
1019752930
1019858774
1020011680
1020153243
1020290805
1020316274
1020382930
1020421243
1020435962
1020462555
1020529149
1020584712
1020598712
1020639430
1020790837
1021100118
1021140712
1021171868
1021215149
1021247493
1021310399
1021335837
1021396337
1021481149
1021533243
1021571118
1021619524
1021760805
1021836680
1021914087
1022018274
1022092618
1022139774
1022229399
1022334993
1022394868
1022506555
1022561368
1022650118
1022689868
1022761680
1022850587
1022870368
1022956462
1023103587
1023177087
1023239649
1023293712
1023357774
1023402712
1023463680
1023534305
1023542430
1023623493
1023634805
1023697087
1023711555
1023744212
1023773212
1023817212
1023828337
1023843118
1023875805
1023928712
1024061399
1024232274
1024276837
1024369837
1024400368
1024482212
1024495587
1024649993
1024707868
1024873837
1024902087
1024920899
1025120712
1025192212
1025279805
1025378899
1025686899
1025751555
1026026837
1026161399
1026217243
1026310180
1026412055
1026677555
1026751962
1026843712
1027146055
1027211243
1027331555
1027415149
1027578774
1027652555
1027858243
1033020649
1033799430
1033896524
1033955024
1034024493
1034085305
1034261212
1034366649
1034423055
1034465212
1034486024
1034577524
1034823774
1034843899
1034896055
1034910212
1034958337
1034988524
1035009087
1035049337
1035154962
1035213368
1035224368
1035300868
1035333180
1035395274
1035478180
1035570305
1035658805
1035823243
1035867337
1035931243
1036038774
1036052587
1036074649
1036088587
1036123305
1036134587
1036303930
1036379993
1036424087
1036430430
1036453774
1036507712
1036532805
1036583024
1036591993
1036614774
1036643930
1036833774
1036931024
1037111899
1037219774
1037257055
1037276899
1037301399
1037314118
1037358680
1037384930
1037394493
1037434430
1037454962
1037523243
1037539493
1037581368
1037599368
1037701055
1037748149
1037805493
1037851212
1037895337
1037926212
1037950180
1037987055
1038002087
1038025180
1038038493
1038055212
1038067712
1038081743
1038089055
1038126587
1038156743
1038200868
1038213305
1038225743
1038252055
1038278555
1038290712
1038309587
1038331087
1038339274
1038349805
1038372993
1038427962
1038449899
1038466462
1038498555
1038516649
1038523962
1038568055
1038575618
1038588868
1038636993
1038669399
1038709649
1038722337
1038786899
1038818087
1038839399
1038879649
1038974274
1039097774
1039246524
1039461899
1039536743
1039674149
1039749743
1039909055
1040027805
1040049899
1040100524
1040138337
1040205118
1040230430
1040301743
1044134399
1044584118
1044751493
1044875555
1045152555
1045540618
1045823243
1046252930
1046366430
1046489899
1046561680
1046791087
1046861524
1046898524
1046919399
1047062368
1047089274
1047137087
1047176305
1047249649
1047349305
1047413368
1047503118
1047574024
1047698493
1047783868
1047949399
1048041274
1048268305
1048334180
1048383055
1048393462
1048412774
1048490837
1048553712
1048565993
1048641993
1048652930
1048806524
1048998743
1049085180
1049197524
1049329149
1049421399
1049580649
1049743055
1049847087
1051480149
1051723618
1052051462
1055203805
1055327212
1056424524
1057017399
1057270399
1064072462
1064877618
1066862337
1066955837
1067164649
1067541243
1067757337
1068123368
1068556243
1071221118
1071305305
1071336305
1071397993
1071464899
1071518149
1071532430
1071618930
1071625055
1071636618
1071661868
1071703399
1071731899
1071741274
1071749774
1071823524
1071876555
1071894243
1071937149
1071958962
1071968368
1072061774
1072070899
1072123337
1072169493
1072218055
1072239118
1072297212
1072343805
1072364837
1072371368
1072390212
1072424055
1072434305
1072444712
1072485805
1072505243
1072519274
1072539212
1072604587
1072661399
1072729212
1072826024
1072926618
1073032649
1073105430
1073153087
1073262493
1073404712
1073474649
1076423212
1077096618
1078174837
1080274368
1080410399
1080451774
1080497055
1080519337
1080578149
1080590899
1080607274
1080644993
1080666680
1080689118
1080761993
1080822212
1080832837
1080874868
1080915743
1080978118
1081009149
1081036743
1081087149
1081124368
1081178118
1081251368
1081283493
1081329368
1081369493
1081440712
1081564055
1081641837
1081717337
1081814149
1081892368
1081989493
1082346399
1082502805
1082518055
1082614649
1082746274
1083043212
1083825055
1083874368
1083982305
1084033774
1084048993
1084110524
1084283368
1084380774
1084558868
1084680774
1084751243
1085010055
1085067087
1085182337
1085218524
1085289149
1085352212
1085389399
1085419274
1085468493
1085478837
1085509899
1085517087
1085549993
1085583212
1085621712
1085643774
1085686274
1085742774
1085765118
1085924868
1085958524
1086032743
1086069462
1086135399
1086173555
1086190555
1086228368
1086255055
1086299493
1086363743
1086400868
1086431618
1086452274
1086524680
1086603149
1086720087
1086742962
1086778087
1086881243
1086898118
1086947962
1086966399
1087116118
1087130680
1087287212
1087342899
1087477712
1088173962
1088235555
1089129305
1089385399
1089610618
1089676712
1089723368
1089808118
1089833837
1089961805
1090066493
1090088368
1090138399
1090232118
1090290524
1090364493
1090449993
1090584555
1090751430
1090948774
1091003805
1091229930
1091280493
1091388618
1091497493
1091572993
1091630962
1091715962
1091803399
1091833368
1091846024
1091940305
1091952399
1092002087
1092021993
1092058305
1092085837
1092115712
1092142368
1092179305
1092259024
1092314899
1092442743
1092619212
1092755524
1092849493
1092872837
1092933274
1092979493
1093034805
1093081243
1093153118
1093266555
1093368743
1093430555
1093573930
1093622587
1093877868
1093945337
1094011212
1094027680
1094073587
1094113024
1094184243
1094278087
1094439055
1094595774
1094658399
1094699462
1094709680
1094731555
1094768805
1094804805
1094878024
1094968712
1095033962
1095101899
1095205837
1095426743
1095531462
1095816337
1096038399
1096614680
1096779868
1096952993
1097044462
1097107055
1097195587
1097261555
1105469493
1105623399
1105706555
1108290462
1108487680
1109442368
1109774430
1109832462
1109884430
1109910368
1109990993
1110037274
1110136555
1110174493
1110188524
1110198055
1110229524
1110276243
1110356680
1110391305
1110435649
1110539180
1110550805
1110633899
1110648837
1110800212
1110861212
1110916493
1110937430
1111011305
1111197024
1111282555
1111846993
1111913055
1111974837
1112028774
1112083555
1112206805
1112280305
1112306462
1112419305
1112705743
1112762868
1112824805
1112843993
1112908649
1112968930
1113058337
1113157368
1113222462
1113298680
1113341180
1113394243
1113454680
1113517587
1113553399
1113590274
1113598149
1113659587
1113702149
1113748274
1113759180
1113818087
1113825649
1113874055
1113888774
1113963712
1114193587
1114261055
1114375962
1114402430
1114479805
1114521118
1114561493
1114585055
1114622837
1114679743
1114804555
1114836774
1114922430
1115017305
1115127618
1115284930
1115378430
1115490743
1115553805
1115608368
1115741805
1115820212
1115893868
1116017368
1116100493
1116290680
1116391805
1116497555
1116571899
1116663618
1116774962
1116830868
1116844680
1116964180
1117030993
1117087805
1117119524
1117129055
1117242680
1117329930
1117457118
1117575399
1117682712
1117747180
1117779243
1117826368
1117881774
1117937337
1117983680
1118000649
1118084462
1118100899
1118110930
1118284180
1118367055
1118377962
1118416368
1120019962
1120166399
1120272524
1120287337
1120369024
1120437055
1120445680
1120493055
1120533212
1120606430
1120646212
1120757837
1120770774
1120820212
1120951337
1121027337
1121036805
1121169087
1121265930
1123261680
1123445524
1123571430
1123615743
1123694024
1123798118
1124012587
1124047712
1124115712
1124151930
1124245618
1124312524
1124364305
1124418055
1124451305
1124472805
1124480212
1124501274
1124574243
1124595024
1124646712
1124652649
1124700680
1124711993
1124871149
1124887024
1124909993
1124946180
1125021805
1125066055
1125131180
1125156462
1125169149
1125178305
1125188399
1125218837
1125242274
1125298837
1125327149
1125341555
1125362055
1125395587
1125411899
1125435462
1125463805
1125494430
1125567462
1125581430
1125595899
1125606649
1125613930
1125663274
1125705243
1125715899
1125731055
1125739212
1125797305
1125862587
1125878868
1125892493
1125907649
1125969212
1125988274
1125999805
1126041087
1126094837
1126134493
1126162212
1126187962
1126202430
1126226524
1126240337
1126258649
1126283743
1126299180
1126317743
1126343743
1126363024
1126425430
1126447993
1126471555
1126482212
1126545462
1126555930
1126644243
1126756587
1126798587
1126808680
1126829868
1126842743
1126860462
1126871993
1126890743
1126935555
1126970899
1127004305
1127026430
1127047055
1127057243
1127072680
1127133712
1127161337
1127176774
1127207837
1127223087
1127266149
1127303493
1127373743
1127403805
1127428055
1127451587
1127654837
1127719555
1127848618
1127882649
1127896493
1127943493
1127980305
1128011024
1128022962
1128036149
1128049212
1128083462
1128101118
1128152962
1128263993
1128277399
1128301493
1128344430
1128368649
1128383712
1128390837
1128401087
1128463399
1128477368
1128488243
1128502837
1128524962
1128628493
1128650399
1129543274
1130453680
1130711493
1130725712
1130838305
1130909962
1130923399
1130985399
1131012868
1131110524
1131178493
1131226212
1131237180
1131311868
1131415118
1131462493
1131470180
1131556680
1131628743
1131769430
1131786930
1131814055
1131822055
1131870524
1131943493
1132056930
1132237930
1135045899
1135166868
1135388212
1135433430
1135571305
1135586555
1135714149
1135831743
1135990805
1136169212
1136242649
1136309805
1136371649
1136573399
1137032930
1137194618
1137396712
1137446555
1137552243
1137597087
1137619587
1137669837
1137695462
1137701555
1137740274
1137757087
1137798212
1137849055
1137871180
1137942899
1138028712
1138130712
1138216180
1138617962
1140072149
1140222712
1140235274
1140285743
1140327087
1140391243
1140428743
1140500055
1140535337
1140608899
1140628180
1140649024
1140678805
1140688055
1140750337
1140784368
1140846024
1140895524
1140932462
1141032993
1141077618
1141099993
1141184774
1141230118
1141315868
1141327337
1141345649
1141357149
1141473743
1141528180
1141648774
1141686118
1141744274
1141778055
1141905899
1141991649
1142122493
1142297805
1142456649
1144931243
1145025587
1145139462
1145255118
1145345837
1145480837
1145580743
1145672868
1145794524
1145840055
1145947805
1146408024
1146870524
1146959868
1147005993
1147149212
1147183305
1147277087
1147547430
1147648087
1147776399
1147860305
1147929274
1148125087
1148208243
1148258743
1148407837
1148476618
1148625337
1148731993
1153222993
1154467180
1163092899
1163586680
1170323462
1170417680
1172395087
1172958087
1177307587
1177780305
1178098868
1178192868
1178285649
1178431930
1178740055
1179015837
1179380680
1179667587
1179832493
1180695587
1182622274
1182669180
1182814680
1182910243
1182959462
1182985462
1183069524
1183192774
1183256962
1183330993
1183421524
1183538524
1183608899
1183630837
1183721212
1183759024
1183794118
1183835743
1183907524
1184020962
1184095087
1184134743
1184195618
1184240118
1184265368
1184299993
1184345930
1184369555
1184381618
1184392587
1184419962
1184443399
1184550524
1184564774
1184574587
1184679024
1184808712
1184859649
1184881024
1184941274
1188790337
1195876868
1196221118
1196375743
1196643555
1196843868
1196949743
1197024430
1197073430
1197165243
1197313274
1197398337
1197548930
1197665899
1197743587
1197832212
1197957649
1198067524
1198315712
1198430899
1198796805
1199045930
1199321993
1199572055
1199663712
1199758118
1199831337
1200121087
1200278024
1200517180
1202164743
1202272399
1202391493
1202714712
1202850618
1204934868
1205101618
1205136524
1205182774
1205270212
1205346462
1205614618
1205810430
1205964430
1206109493
1206284399
1206350805
1206386524
1206403337
1206415993
1206450712
1206464993
1206473993
1206535149
1206553212
1206572149
1206619524
1206626993
1206665743
1206695618
1206761118
1206798837
1206840337
1206970524
1207079305
1207117743
1207271180
1207329899
1207362930
1207415399
1207476680
1207531555
1207586462
1207606212
1207658180
1207698555
1207733337
1207797337
1207853305
1207969149
1208154555
1208275274
1208380837
1208442180
1208484712
1208536149
1208571087
1208584555
1208603712
1208685430
1208797243
1208851618
1208945899
1209033805
1209110399
1209153524
1209193837
1209253118
1209490649
1209944337
1210028399
1210136087
1210210149
1210326055
1210540305
1210623837
1210658024
1210851555
1210899430
1210916024
1210952024
1210991212
1211045399
1211080493
1211099743
1211162118
1211191243
1211204618
1211236118
1211244805
1211265837
1211288368
1211350868
1211407899
1211589337
1211641680
1211670712
1211690180
1211794368
1211809805
1211866555
1211941055
1211991087
1212040930
1212070243
1212144774
1212211180
1212419555
1212481680
1212573149
1212685587
1212804430
1212870243
1212935243
1213016743
1213090930
1213284055
1213555430
1213660993
1213735962
1213775993
1213813962
1213908712
1213933305
1213991118
1214041993
1214067712
1214149899
1214231587
1214485993
1216876180
1217162930
1217339212
1217411930
1217514837
1217630837
1217714212
1217828930
1217849680
1217922087
1217942962
1218018743
1218029555
1218463649
1218527618
1218556087
1218610774
1218659212
1218684712
1218693149
1218718368
1218760930
1218826837
1218883962
1218918087
1218951712
1218989524
1219164462
1219226680
1219301743
1219332618
1219342368
1219464680
1219581993
1219692399
1219712618
1219803555
1219859993
1219916212
1219972743
1220020180
1220117680
1220182837
1220368868
1220415118
1220497337
1220547087
1220575462
1220605180
1220618087
1220711680
1220806212
1220909618
1221035649
1221123305
1221141024
1221204899
1221234149
1221244493
1221317493
1221351649
1221545212
1221768868
1221968212
1222046930
1222151712
1224121837
1224167149
1224408899
1225323337
1227590305
1227809399
1227916087
1227956555
1228059212
1228070868
1228150962
1228188899
1228237087
1228270680
1228338243
1228406555
1228450587
1228549618
1228677087
1229374649
1229505899
1229897212
1230070430
1230492649
1230574212
1230627993
1230792337
1230879805
1230896837
1230924493
1231010587
1231226118
1231280712
1231548712
1232017899
1232353712
1232514243
1232588712
1232771274
1232855462
1232958555
1233234774
1233265587
1233341774
1233357462
1233461618
1233575649
1238430399
1241956493
1242134212
1242274805
1242362712
1242410743
1242469212
1242515087
1242577587
1242626743
1242922399
1243072337
1243169368
1243271993
1243394118
1243463899
1243558305
1243929337
1274698555
1278514087
1278935868
1278999055
1279145430
1279218430
1279268493
1279357899
1279799680
1280100962
1280125305
1280163274
1280223368
1280259024
1280359837
1280488587
1280602899
1280714180
1280889024
1280939243
1280974493
1281075555
1281127618
1281183618
1281253337
1281258868
1281461868
1281530805
1281754399
1281916868
1281978337
1282045337
1282122837
1282142493
1282198993
1282245337
1282253618
1282336930
1282374337
1282390555
1282396837
1282424180
1282473774
1282488618
1282498899
1282507274
1282514774
1282524149
1282535024
1282562462
1282570212
1282591212
1282597993
1282618524
1282631180
1282641024
1282710399
1282728055
1282801649
1282817149
1282841993
1282934368
1283027868
1283105430
1283281899
1283356243
1283902899
1284025493
1284087524
1284113743
1284184243
1284215305
1284281618
1284298555
1284313118
1284354305
1284384180
1284394368
1284421430
1284432118
1284454649
1284509493
1284529930
1284561774
1284577055
1284598899
1284619212
1284632743
1284650743
1284691712
1284702055
1284712712
1284728243
1284735899
1284746024
1284763743
1284774024
1284797930
1284831899
1284858555
1284885743
1284897118
1284904930
1284916149
1284987774
1285017087
1285046274
1285091024
1285142368
1285154368
1285199180
1285240774
1285272087
1285286524
1285297993
1285322587
1285331743
1285349399
1285363993
1285373618
1285383305
1285413462
1285422243
1285433837
1285465899
1285549337
1285558305
1285590149
1285607899
1285625274
1285660118
1285672087
1285720587
1285729962
1285737149
1285783930
1285857118
1285865962
1285876430
1285890430
1285902305
1285912243
1285949680
1285959337
1285974399
1286026305
1286070868
1286081805
1286099055
1286128087
1286149180
1286165899
1286173930
1286201399
1286242024
1286310024
1286335118
1286380743
1286413087
1286420524
1286450774
1286464024
1286478368
1286527368
1286672899
1286687024
1286702524
1286713430
1286725493
1286737555
1286774680
1286819962
1286834680
1286855649
1286909305
1286921837
1286939243
1286974868
1287021587
1287058180
1287087118
1287115712
1287144118
1287182149
1287209055
1287219087
1287227805
1287252243
1287281649
1287355712
1287375680
1287401555
1287460462
1287493180
1287517274
1287526024
1287553587
1287609149
1287677930
1287698743
1287754524
1287812337
1287865462
1287886212
1287938337
1287961118
1288038649
1288070462
1288077274
1288088680
1288113180
1288127555
1288182524
1288219305
1288242274
1288251680
1288309743
1288380930
1288418555
1288438337
1288449305
1288531837
1288565087
1288628555
1288649337
1288661555
1288715430
1288739368
1288798337
1288809274
1288829274
1288847087
1288859212
1288871212
1288879399
1288890149
1288897962
1288914055
1288925024
1288935680
1288954462
1288995524
1289005118
1289042962
1289062305
1289114212
1289165868
1289208930
1289229180
1289240180
1289251712
1289368805
1289375618
1289389930
1289411899
1289422212
1289439399
1289463430
1289492243
1289551243
1289572118
1289633430
1289654555
1289713743
1289815368
1289886962
1289936618
1289983743
1289999305
1290013712
1290142399
1290232524
1290251462
1290284962
1290308618
1290375899
1290492305
1290517993
1290587180
1290608243
1290653587
1290700118
1290725899
1290778368
1290823087
1290874462
1290906149
1291027087
1291059305
1291129587
1291136430
1291204024
1291247618
1291344368
1291380837
1291429024
1291460587
1291548962
1291617930
1291851712
1291963930
1292023493
1292040493
1292051274
1292089993
1292201930
1292221680
1292237493
1292245243
1292324587
1292420774
1292514149
1292625274
1292703774
1292762524
1292836837
1292853868
1292866149
1292882087
1292931649
1292961993
1293044024
1293108118
1293175337
1293182680
1293197649
1293216399
1293230899
1293241024
1293254774
1293264837
1293282399
1293305149
1293329493
1293341962
1293358712
1293424055
1293440774
1293471462
1293484555
1293517149
1293529743
1293560868
1293575649
1293588337
1293603587
1293671930
1293682180
1293692868
1293716524
1293746743
1293790430
1293814305
1293866305
1293913243
1293956399
1293999743
1294024712
1294118993
1294131774
1294157462
1294193555
1294201305
1294275024
1294318712
1294368899
1294379243
1294410243
1294445805
1294467837
1294510243
1294543587
1294557680
1294566555
1294583274
1294602930
1294641493
1294658149
1294675868
1294704899
1294716462
1294839118
1294897587
1294905868
1294914680
1294932305
1294957212
1294969555
1294984118
1294995962
1295062305
1295076930
1295086837
1295119274
1295146899
1295167118
1295212587
1295224524
1295259149
1295312274
1295345962
1295386555
1295413087
1295420837
1295435618
1295462587
1295485149
1295496368
1295521149
1295545212
1295583118
1295604743
1295635180
1295653930
1295698743
1295715680
1295736712
1295747087
1295770087
1295801962
1295839555
1295863024
1295889024
1295902118
1295912805
1295920430
1295937337
1295950368
1295961618
1295976399
1295996087
1296005024
1296018524
1296037368
1296046930
1296061212
1296070524
1296110055
1296156212
1296177868
1296191805
1296201649
1296217305
1296267837
1296281212
1296296462
1296318430
1296344493
1296384149
1296412055
1296447430
1296492618
1296505868
1296519399
1296545055
1296557149
1296582149
1296617555
1296633399
1296646430
1296684618
1296708805
1296738087
1296760899
1296810274
1296849337
1296893524
1296911993
1296919555
1296953743
1296990055
1297071930
1297088274
1297148368
1297211399
1297240149
1297266337
1300412149
1300582743
1300728712
1300785493
1300842149
1300855712
1300881837
1300916993
1300989368
1301005555
1301015274
1301052618
1301095462
1301161993
1301196524
1301204462
1301222118
1301302149
1301368399
1301405712
1301439305
1301483962
1301558118
1301577899
1301653243
1302068805
1302190274
1302306837
1302324462
1302395055
1302525899
1302555399
1302596087
1302644087
1302769712
1302815055
1302914212
1304082524
1304426462
1304564899
1304644805
1304803368
1307783430
1307862774
1307888337
1308072024
1308096462
1308154243
1308184587
1308205274
1308225368
1308322149
1308674524
1308724087
1308764680
1308770149
1308873305
1310951274
1312125712
1312226274
1312284180
1312337337
1312435962
1312528712
1312650118
1312705524
1312834305
1312877430
1312905274
1312922305
1312942524
1312958962
1313009962
1313060680
1313094774
1313111087
1313118337
1313127368
1313163993
1313171337
1313182087
1313192930
1313207899
1313273524
1313292618
1313303587
1313318993
1313344774
1313355649
1313368680
1313408993
1313455149
1313465743
1313488993
1313501899
1313512680
1313551305
1313557337
1313580680
1313592680
1313607524
1313625243
1313652868
1313704305
1313722743
1313732618
1313823180
1313916493
1313966180
1314036899
1314050305
1314099618
1314148555
1314156680
1314166930
1314177493
1314210180
1314236774
1314267274
1314302212
1314308462
1314353180
1314367993
1314378149
1314429055
1314452180
1314501243
1314513993
1314525180
1314555274
1314585868
1314641930
1314659712
1314672899
1314693774
1314719524
1314762212
1314790337
1314825555
1314866899
1314900712
1314944399
1314981618
1315019430
1315047337
1315058087
1315069618
1315089493
1315123149
1315148493
1315157712
1315175274
1315186962
1315204712
1315238805
1315284993
1315292837
1315311805
1315392399
1315431087
1315460805
1315487430
1315497837
1315549337
1315573868
1315618087
1315640024
1315659774
1315685868
1315710899
1315729462
1315764743
1315773712
1315786899
1315839118
1315852587
1315887305
1315898649
1315919337
1315948149
1315960555
1315982305
1316030712
1316042555
1316060337
1316086993
1316116212
1316158243
1316166868
1316203899
1316229805
1316265774
1316310430
1316360055
1316386368
1316408555
1316418493
1316470743
1316501774
1316525649
1316537524
1316600212
1316646087
1316656712
1316741118
1316783462
1316838493
1316875087
1316930149
1316977055
1317073930
1317112993
1317141149
1317163680
1317177430
1317217712
1317280212
1317294305
1317332180
1317345337
1317365680
1317378930
1317395805
1317426618
1317433274
1317482024
1317561524
1317575024
1317601837
1317623305
1317676743
1317693430
1317720993
1317794899
1317836087
1317895243
1317918618
1317939930
1317968899
1317989962
1318047680
1318082399
1318121555
1318133337
1318232212
1318252899
1318279774
1318306212
1318340837
1318353899
1318364774
1318384087
1318397430
1318429962
1318494743
1318568524
1318591962
1318623868
1318635962
1318700493
1318724399
1318792055
1318815837
1318894774
1319006587
1319020055
1319102649
1319172305
1319233149
1319287680
1319360399
1319570774
1319738212
1319767774
1319845118
1319928962
1320011024
1320050305
1320059243
1320096462
1320107368
1320115180
1320134774
1320179337
1320197587
1320222430
1320235837
1320256337
1320299399
1320361899
1320375618
1320393868
1320433805
1320457212
1320480493
1320519805
1320536212
1320557462
1320571399
1320581899
1320612712
1320638368
1320663493
1320764212
1320807962
1320834555
1320869399
1320884743
1320917618
1320941055
1320981180
1320996774
1321062774
1321132462
1321156743
1321214243
1321262430
1321276930
1321306024
1321428180
1321445743
1321474368
1321500493
1321512555
1321526962
1321607649
1321616243
1321687337
1321701087
1321722587
1322018524
1322106368
1322118368
1322188274
1322231399
1322242274
1322264024
1322349962
1322407587
1322440712
1322491743
1322735837
1322761368
1322826930
1322866899
1322885430
1322932118
1322952524
1322994212
1323009712
1323026024
1323058087
1323071055
1323218274
1323231680
1323244868
1323251212
1323328993
1323378805
1323394180
1323535493
1323741462
1323814555
1323835805
1324093087
1324161837
1324480180
1324641868
1324850399
1325029024
1325115555
1325379743
1325451493
1325518680
1325625212
1325650337
1325750368
1325820587
1325859774
1326021399
1326126587
1326307055
1326790993
1326843024
1326864712
1326922868
1326932868
1326943743
1327032680
1327150618
1327202493
1327284180
1327298305
1327356618
1327361680
1327413555
1327475305
1327510774
1327570493
1327676587
1327730680
1327814024
1328051274
1328103993
1328156837
1328246212
1328313118
1328360337
1328397680
1328445305
1328576712
1328590024
1328696087
1328820555
1328833180
1328884899
1328964149
1329034868
1329066180
1329139368
1329161868
1329208305
1329326087
1329366399
1329376430
1329455618
1329486712
1329527930
1329544493
1329591243
1329628587
1329636149
1329650618
1329673555
1329686930
1329697524
1329747024
1329775180
1329826274
1329844837
1329879555
1329921337
1329943243
1329951680
1329994430
1330016837
1330051618
1330185149
1330325399
1330393087
1330442618
1330500212
1330511930
1330525993
1330544555
1330562430
1330603055
1330617462
1330659462
1330907524
1330942368
1330993212
1331014993
1331114305
1331147555
1331217430
1331241337
1338096899
1338162149
1338214024
1338256524
1338269243
1338279180
1338329462
1338356555
1338366868
1338383743
1338400118
1338474399
1338487087
1338536524
1338553899
1338575337
1338655837
1338669243
1338705868
1338721055
1338741399
1338779680
1338806649
1338868118
1338890118
1338945274
1338999805
1339023024
1339033743
1339051180
1339079618
1339102212
1339133274
1339155055
1339162555
1339174212
1339189805
1339259837
1339274055
1339297368
1339332649
1339346399
1339362087
1339453368
1339482243
1339488149
1339517868
1339550743
1339612993
1339645024
1339673524
1339728774
1339739118
1339772649
1339796774
1339839524
1339855962
1339867868
1339902962
1339924930
1339993649
1340015680
1340038243
1340057055
1340070024
1340123618
1340134212
1340155243
1340190712
1340213837
1340232087
1340270274
1340287149
1340320462
1340332462
1340378024
1340393399
1340415337
1340426837
1340466524
1340499180
1340522930
1340573962
1340624680
1340679930
1340721930
1340756212
1340775368
1340814274
1340826118
1340870024
1340888743
1340934524
1340950430
1341009805
1341063399
1341072212
1341166524
1341177368
1341200055
1341325055
1341455743
1341466305
1341555805
1341623930
1341636680
1341722837
1341746680
1341775837
1341817524
1341862399
1341878493
1341938337
1341992337
1342052743
1342074055
1342090618
1342161243
1342166743
1342194743
1342298118
1342343993
1342365368
1342389118
1342470649
1342483493
1342501524
1342588618
1342649055
1342682555
1342738368
1342813930
1342860618
1342905712
1342936868
1343011399
1343122680
1343153024
1343196462
1343289837
1343319024
1343344680
1343383462
1343436368
1343462024
1343482430
1343572212
1343634524
1343685118
1343913212
1343939024
1343990805
1345525993
1354152055
1356949587
1364293493
1366752430
1371576993
1371749868
1372309274
1373060837
1373317118
1373530899
1373545087
1373678118
1373739243
1373987118
1374119149
1374291962
1374353055
1374362712
1374470399
1374533524
1374685368
1374780524
1374907774
1375011430
1375099149
1375108680
1375186243
1375252868
1375290462
1375328930
1375338555
1375358837
1375408743
1375454868
1375468899
1375514930
1375526868
1375541149
1375558930
1375585399
1375593868
1375607962
1375639993
1375653555
1375708024
1375717305
1375748805
1375764462
1375799493
1375827462
1375846430
1375857555
1375896899
1375948618
1376001243
1376054962
1376060930
1376139055
1376196368
1376248462
1376279274
1376290962
1376331305
1376358993
1376392837
1376459962
1376533368
1376598868
1376655555
1376768399
1376819368
1376830399
1376875899
1376927868
1376975118
1377015212
1377044243
1377051899
1377091493
1377162430
1377215055
1377267555
1377300743
1377329837
1377336743
1377522837
1377549743
1377607274
1377630368
1377682524
1377725305
1377772493
1377822743
1378045212
1381037337
1381241899
1381850899
1381956837
1382017743
1382368587
1383824930
1385093743
1385972680
1386452962
1388147712
1389669587
1390201555
1390369024
1390451337
1390676243
1390875368
1390962524
1391023805
1391139087
1391233368
1391294555
1391327399
1391347649
1391374399
1391434462
1391502712
1391536462
1391547555
1391651055
1391791462
1391950899
1392137055
1392230274
1392364837
1392426618
1392480649
1392522055
1392753524
1392801118
1392824055
1392879774
1392909712
1392997305
1393074930
1393406274
1393839274
1394306243
1394874118
1395092993
1395146587
1395367274
1395562712
1395751837
1395888555
1396429930
1396511962
1396589837
1396664899
1396740899
1396864337
1396903743
1396927430
1396976993
1397020399
1397066305
1397081055
1397151024
1398867462
1399030868
1399388649
1399467024
1399543743
1399655680
1399710368
1399830274
1399909774
1400105055
1400250743
1400424212
1400704743
1400864743
1401008149
1402101055
1402318462
1403121118
1403252743
1403450243
1403611555
1403739587
1403787118
1403884993
1404042774
1404350899
1404525430
1404602212
1404663899
1405651493
1406012305
1406163743
1407018743
1407660649
1407798212
1408183149
1408315899
1408395180
1408449305
1408621399
1408854712
1409378430
1409585743
1409918649
1410872555
1411276680
1412094493
1412534837
1412677930
1412910712
1413072055
1413241743
1413245149
1413444993
1413613212
1413896212
1413947993
1414091087
1414164524
1414296305
1414509712
1416428430
1416710524
1417641868
1417952680
1418513899
1418762118
1418983587
1419224805
1419519274
1419839493
1420634430
1420706368
1420983743
1421020805
1421183243
1421245555
1421272680
1421444368
1421507368
1447939962
1448043712
1448232118
1448354618
1448432368
1448526712
1448629180
1448726930
1448798399
1448825462
1448874805
1448901899
1448945555
1449002587
1449046587
1449078243
1449144587
1449215712
1449231024
1449337274
1449467618
1449549899
1449631024
1449681868
1449738680
1449782930
1449879212
1449968899
1450034305
1450067118
1450175993
1450260899
1450343368
1450379899
1450390462
1450450805
1450482524
1450569524
1450715555
1450758462
1450773462
1450804274
1450819118
1450936399
1451023055
1451033212
1451064212
1451076587
1451120274
1451158962
1451180712
1451220930
1451238743
1451290243
1451312712
1451345805
1451379274
1451394962
1451430555
1451441024
1451452243
1451494774
1451548462
1451583430
1451623212
1451658837
1451684930
1451739837
1451830399
1451861180
1451873118
1451996774
1452022087
1452054024
1452091618
1452117618
1452242305
1452306274
1452391149
1452458118
1452497899
1452680962
1452758743
1452894524
1452920555
1452971837
1453000149
1453017149
1453034774
1453070493
1453085493
1453117399
1453142993
1453155274
1453190055
1453210837
1453223930
1453258680
1453272899
1453294618
1453301430
1453316180
1453326493
1453388274
1453418774
1453438493
1453506305
1453567805
1453685899
1453753243
1453792368
1453861305
1454005024
1454034368
1454269993
1454476587
1454578399
1454660243
1454736180
1454989149
1455108712
1455269462
1455381587
1455474868
1455543993
1455586993
1455593649
1455707930
1455733055
1455767149
1455806649
1455817118
1455831243
1455859649
1455872024
1455915087
1455933680
1455957243
1455966868
1455997055
1456017868
1456027618
1456096180
1456107305
1456140399
1456150055
1456168493
1456230180
1456315149
1456385087
1456489462
1456585274
1456735462
1456746399
1456758180
1456952930
1457035462
1457118805
1457215774
1457229712
1457262680
1457284212
1457315024
1457329305
1457362337
1457369712
1457405399
1457429368
1457442868
1457476305
1457487837
1457516243
1457524430
1457550180
1457561930
1457571649
1457596993
1457634118
1457688274
1457717149
1457834868
1457867305
1457889930
1457918555
1457953180
1458065899
1458127743
1458194649
1458236837
1458252837
1458267305
1458288462
1458341649
1458379649
1458414930
1458462743
1458500587
1458513274
1458540368
1458573430
1458625180
1458645274
1458687837
1458703712
1458722524
1458825493
1458873430
1458890243
1458910868
1458935805
1459046524
1459092493
1459124899
1459150212
1459219305
1459269243
1459314712
1459373743
1459402430
1459518837
1459529743
1459604993
1459682212
1459893305
1460003430
1460071930
1460174899
1460220587
1460259055
1460304430
1460334993
1460390587
1460407618
1460446743
1460483587
1460580055
1460667462
1460728087
1460775055
1460807680
1460847712
1460858462
1460872055
1460994555
1461038087
1461094118
1461156837
1461248055
1461270087
1461278618
1461330212
1461358243
1461365805
1461419493
1461464712
1461538118
1461607274
1461639493
1461676868
1461714774
1461784024
1461855805
1462042305
1462108087
1462161805
1462170649
1462247868
1462344399
1462410524
1462481524
1462532180
1462761618
1462816930
1462870712
1462950024
1463099587
1467061649
1467236055
1467336930
1467400243
1467566930
1467626993
1468064649
1468354837
1468748774
1468775368
1468864899
1468954712
1469015930
1469078212
1469140524
1469225087
1469244399
1469292399
1469299743
1469340993
1469348368
1469366649
1469522274
1469582024
1469611462
1469652930
1469663430
1469758305
1470252087
1470416993
1471115555
1473574368
1474864899
1476825087
1476990024
1477140555
1478944524
1479050337
1479114149
1479170649
1479212274
1479272962
1479355118
1479422680
1479445993
1479535774
1479589743
1479599649
1479700618
1479760305
1479849962
1479923024
1479996024
1480067712
1480088555
1480174305
1480282087
1480322180
1480390774
1480441774
1480494024
1480565649
1480632993
1480681087
1480771368
1480884680
1480894962
1480931149
1480978087
1481020805
1481083149
1481486087
1481617337
1481689024
1481832180
1483467149
1483721305
1483882805
1483942118
1484099462
1484168149
1484238837
1484317055
1484377118
1484398368
1484450087
1484545149
1484631555
1484795337
1484874993
1484961555
1485195305
1485617555
1485677180
1485775305
1485849712
1485992993
1486130774
1486362493
1486450712
1486532493
1487508899
1487578524
1487589837
1487738493
1487765837
1487799899
1487870618
1487986930
1488339024
1489810555
1490058149
1490227618
1490338087
1490439399
1490510399
1490806868
1490850837
1490882055
1490902680
1490948837
1490970680
1491024962
1491069930
1491090587
1491163962
1491258118
1491268212
1491284524
1491303868
1491332899
1491339680
1491363837
1491405774
1491418243
1491428180
1491445399
1491488868
1491521305
1491582337
1491604618
1491652743
1491669493
1491700618
1491741024
1491771868
1491786180
1491796899
1491814305
1491827305
1491855274
1491869274
1491893493
1491964649
1492054524
1492622555
1492816524
1492898368
1492972118
1493040368
1493103305
1493142274
1493167149
1493245212
1493290024
1493320024
1493334337
1502801430
1506276149
1506983180
1507207555
1507272743
1507312493
1507355368
1507440993
1507532899
1507576274
1507643774
1507850118
1507909055
1508187743
1508316805
1508382618
1508449868
1508578899
1508638212
1508690212
1508833430
1508927899
1508998024
1509108649
1509300837
1509523399
1509606212
1509711337
1509795993
1510009399
1510120149
1510185868
1510291774
1510434618
1510556305
1513086212
1513701899
1513951962
1514304462
1514480899
1515001555
1515120743
1515232087
1515350962
1515559055
1515652712
1515762712
1516220462
1516724462
1516842462
1517354430
1517673837
1517793337
1518004024
1518173055
1518396055
1518705493
1519394024
1520008555
1520113962
1520212055
1520296430
1520423587
1520552962
1520653774
1520754368
1520849962
1530762805
1532347993
1534875149
1535602618
1535703149
1535854055
1535938524
1536023149
1536148368
1536267368
1536517618
1538724149
1540150087
1541961618
1542729899
1542798930
1545767774
1546354993
1547506337
1547797805
1548254837
1548936680
1549480618
1556664274
1557802493
1561005837
1561262243
1561789805
1561826555
1561953680
1562046712
1562092649
1562198712
1562272993
1562321680
1562412837
1564229462
1564333462
1564461899
1564610493
1564689993
1565118805
1567926055
1568047930
1569160430
1569284243
1569330243
1569419305
1569442055
1569508212
1569532680
1569655305
1569683305
1569716962
1569759087
1569931305
1570011274
1570044087
1570065743
1570093993
1570150212
1570169055
1570196180
1570282899
1570327337
1570428430
1570546462
1570663555
1570782087
1570854899
1577503649
1577599743
1577667649
1577762399
1577896305
1577964993
1578003305
1578016399
1578070587
1578139618
1578148555
1578164649
1578208805
1578237837
1578259243
1578288962
1578326430
1578349805
1578381180
1578726774
1578771962
1578837962
1578854055
1578966305
1579086712
1579209149
1579303930
1579439524
1579545493
1579573055
1579690055
1579720149
1579767712
1579803899
1579851993
1579984930
1579992524
1580203712
1580226399
1580253368
1580302493
1580357743
1580371930
1580471555
1580538993
1580650618
1580951305
1581025774
1581088368
1581129024
1581195243
1581409712
1581493837
1581527212
1581618837
1581764555
1581919587
1581948462
1582070462
1582255149
1582405149
1582592180
1582631680
