189298428
189441959
189738240
189902740
190187990
190324365
190754740
190786021
190949990
190996834
191051240
191211365
191273146
191459990
191479178
191516303
192061803
192094053
192156490
192229334
192368803
192523740
192577053
193043459
194538365
194926021
195257521
195931334
196151584
196571271
196596396
196628428
196938584
197006896
197105178
197371896
197510896
197586115
197880334
197902771
197950146
198018990
198200709
198422615
198480896
198632678
198712209
198737709
199464490
199521865
199790678
200455615
200505740
202665990
202680678
202748365
203949803
204142990
205291115
205334553
205427678
205471146
205555428
205614115
205642334
205682396
205718209
205828521
206452959
206490240
206689053
207070678
207176021
207298334
207395303
207445365
207733865
207939584
208009303
208055209
208081584
208129271
208142271
208368553
208417084
208534459
208718521
208792365
209039021
209158146
209327334
209399271
209555521
209669459
209830271
210153240
210311803
210448646
210542084
210719334
210849178
212728209
213156334
216371740
218281865
219631771
219662646
219726178
219845459
219936271
220259615
220429303
220496584
221360553
221420365
221644896
222181303
222271271
222346334
222574115
222869803
222910646
223007178
223050459
223292115
224108459
224148990
224156521
224218959
224262834
233669271
233896740
233983396
234058865
234334428
235587084
235676146
236022053
236304678
238371678
244173084
246084959
251910365
252685646
253764678
255942740
256108990
257280584
259464209
261015959
261542303
261641896
261931959
262034459
262366990
262607959
262622896
262794990
263133146
263245396
263394740
263642709
263794928
264147271
264162021
264409928
264890865
264928928
265365115
265648584
266542053
267492928
268119053
268202084
268337459
268414428
268801240
269292771
270458115
270609709
270708709
270828021
270897178
271042365
271233396
271422928
271449678
272036240
272400615
272631553
273143303
273574115
273632115
273997303
274243365
274331209
274483365
274540053
275215959
276104209
276470459
276552084
276643959
277009521
277153553
277195178
277217053
277448271
277572178
277593615
277693740
277733646
277976803
278036178
278361896
278507928
279363146
279550896
279586428
279771396
279906959
279954615
280217865
280327459
280422396
280665303
282214928
282886021
287940303
288769334
289190834
289481834
289756146
289926678
290152303
290269990
290303303
290513271
290571865
291604584
291694396
292057521
292511646
292566521
292806459
292881115
293255615
293372115
293844553
294159334
294234584
294346896
294417646
294911865
294971084
295363553
295463303
295507115
295586553
295803303
296180865
296197865
296331365
296492303
296662428
296695490
297134271
297205803
297284803
297435428
297510865
297647271
297899271
298171459
298322646
298398146
298484584
298489271
298561615
298710865
298844740
299114209
299465365
300280584
300412209
300912271
300931865
301126771
301310178
301568428
302012896
302266896
302315459
302326209
302441928
302539834
302584740
302793053
302822990
302875803
303483865
303513521
303653521
303772959
304518709
304918240
305069865
305144178
305179490
305584334
305651959
305746271
305893803
305957396
305981084
306052428
306179084
306372209
306418084
307073428
307279490
307914396
308202334
309374146
309528959
309767334
309829990
309851209
311744459
311832053
312050553
312750646
312776021
313069209
313768209
314702053
314900834
315399553
315488240
315550896
316350928
316374365
316463303
316512584
316870271
316923084
317094959
317137365
317944521
318667021
318757803
319105146
319284803
319291896
319424271
319780521
319919740
319949490
324168803
324733771
325008834
325210084
325226740
325377615
325539928
326131303
326899021
327233678
327296303
327811928
328059740
328394271
328984084
330799709
331464865
331555428
331716584
331752303
332209803
332331646
332372584
332455459
332495459
332579053
332655646
332815709
332836178
332845428
332860740
332956740
333103803
333200178
333266209
333280896
333301084
333494240
333576615
333712053
333744959
333887053
333932553
334534271
334617521
335341209
335628771
335834053
336066303
336528396
336886271
337688771
337999865
338668803
340312396
340526146
341807428
343709990
343741678
350286990
351332115
351627740
351712021
352991396
353106709
353152928
355187490
356906240
360669459
363306115
363511115
363517115
363677803
364380521
364636990
364725490
364873615
364906084
364933490
364957834
365092459
365207428
365501615
365979740
366070396
366177428
369112896
369892928
369967334
370813709
371431146
374485428
374912053
374972271
375355303
375537615
376164834
376167365
376457740
376541834
376945553
377361303
381276771
381490396
381713021
381860334
382301459
382354365
382437865
382914053
383241428
383737959
384122178
384167459
384288490
384401021
384430146
384571928
385129990
385380490
385523709
385538365
386160678
386244865
387080459
387231396
387301490
387545115
388023490
388086553
388094646
388200740
388282740
388416303
388451959
388726146
388857490
388983553
389113834
389286771
389449334
389540678
389579209
389596990
389641303
389907771
390361771
391307459
391493646
391609459
391827084
392157428
392969490
394021615
394052521
395625490
397078053
398633834
398840990
399009803
399375521
400441209
400783178
402160553
402334459
405428365
405945365
405995896
406065834
406112334
406290553
406623646
407027178
407256521
407479834
408525834
409440584
409779115
409927615
410161084
412036834
412455303
412825615
412941678
413445959
413882303
414069896
414172084
414304803
415325709
415442084
415472834
415501959
415683490
416419396
416789740
417199490
417287459
417829271
424460584
424482428
424591334
426034615
426304209
426504115
426578709
428725928
428988678
432913334
433703803
433877740
434086521
434123678
436006053
436550646
436857709
436945584
437010459
437421240
437783646
438009459
439618084
439877428
440338990
440748115
441022209
441302646
441570146
442090303
442254021
443502990
443662521
443676303
443764771
448659740
448820084
449484959
449653271
450133396
450321803
452561928
453870615
454019646
455533646
455835709
456446240
457608865
457676271
458190396
458365303
459240990
459784521
460113365
460405678
461569396
462319428
462464146
462573459
462855490
463416084
463948271
463962334
464118428
464470084
466237709
466305240
466883459
467211459
467535303
467689865
467906646
467954240
468105740
468261646
469261021
469484803
470071896
470144928
470182771
470587146
470608553
470909084
471181615
471474865
471708709
471775365
471887428
471973303
472138459
472206459
472516303
472760678
472787115
473068209
473430271
473456021
473537240
473696709
473733678
474045053
474080115
474151646
474231834
474456053
474842678
475113521
475185271
475294584
475386209
475626115
475725240
475828678
475922271
476401240
476480865
476568209
476741334
477019553
477915521
477976303
479155959
479367553
480446178
480484521
480731303
482037459
482311271
484601834
486244553
486313990
487817240
487865459
488383178
488703490
489045490
489073459
489391803
489744115
489773740
490581771
492988396
493760928
494251990
494367428
494912365
495732334
495923771
495989365
496003740
496516615
496613053
496736646
496775396
496932834
497205178
497407896
497569959
498112865
498366146
498599959
498633334
498683865
498889709
499077146
499091553
499102303
499316459
499633896
499884865
500968584
501033084
501134084
501874709
502006053
502060084
502442459
502661303
502788678
502851209
503592803
505095771
505181428
506117771
506216021
506399678
506961678
508200709
511836178
511974959
512029959
512088490
512189865
512238803
512676428
513118490
515697990
517262928
518748771
518880771
518981928
520296053
522085584
523110428
523120803
523474678
523993584
524734084
525254240
525307053
528311084
530829459
534275303
538533521
542426115
543517021
544760834
545167021
546562428
546816146
547020740
547234990
547854490
548997209
549327709
550530959
550796021
551119896
551358803
551599115
551690803
551800803
552167678
552402771
553163021
553453521
553791896
553885709
554403209
554571271
555979896
556372896
556624584
556701084
559180115
559458021
559572865
561209303
564266115
565559053
566818115
568905584
569456053
570063803
570194490
570297053
570532896
571767115
571844178
572231521
572430428
572664646
572776896
572935209
572953646
573028553
573061959
573413803
573563615
573785459
573857209
575686553
575835615
580800178
581563396
581680271
582010865
582034334
582473709
582526365
582691021
584286834
584308428
584392928
584440084
587677865
587908178
588128584
588635459
589081959
589120771
589239334
589316834
589473928
589983646
590452365
590792240
590870740
591682178
591727334
592157584
592235959
592658209
592672209
592813209
592853240
592914709
593110209
593140928
593988615
594235896
594280709
594419928
594612928
594641615
595013896
595165928
595271615
595359490
595464178
595966865
596185490
596800646
597779334
600158803
600571271
600943303
601241053
601797396
602473490
602632615
602712865
602872678
602903428
603071553
603350021
604392615
604986615
605205365
605285553
605417553
605700959
605741459
605800740
606397334
606639334
606842021
606894303
607174740
607291209
607352896
607393365
607430834
607531303
607701615
607819834
607871021
607980709
608149146
608203896
608443334
609044146
609140053
609214771
610451740
610540896
611537928
612628865
612785209
613142240
613792959
614326303
615402709
615426740
615589303
616448896
616531584
616912896
616985896
617943678
618608928
618847053
618984615
619419490
619444428
619595209
619627396
619653865
619998334
620064053
620257334
620816896
620946303
621017834
622726303
622849459
622994396
623030365
623283490
623319928
623340959
623454053
624010959
624779615
625727834
625878928
626039021
626447584
626620490
626938303
627175615
628441084
632294115
632814240
634624834
641074334
641981678
645592803
645773865
645793459
645861178
646368459
646389396
646424021
646516396
646562865
647080584
648591240
648687115
649010646
649542584
650161490
651545084
658700303
659723428
659747928
659816396
659838459
660037959
660081365
660167990
660274459
660392334
660530865
660825084
660954740
660963553
660976115
661043428
661125615
661217771
661356803
661552115
661564865
661682271
661688021
661798178
661918146
662184303
662252990
662746021
662894490
663385865
663534428
663741896
664025178
664309896
664886490
666240709
666937834
667031646
667121209
667163303
667417021
667711084
667983146
668243928
668438146
669401084
670041521
670358834
671996396
672164428
672380084
672452834
672584990
672788209
674170396
674232053
674430146
674520084
675080928
675239709
675684115
675945303
676482271
677027428
677238678
678094803
678292396
678376115
678592490
678738709
678821678
679030584
679082334
679692865
680316365
680439053
680990209
681011959
681527646
682034303
682123271
682230459
682499803
682705303
682945365
682979646
683193990
683382834
683626209
683830584
684017053
684450146
684580021
684668771
684797459
685291240
685703771
685808240
686173896
686312615
687368928
687619053
688344396
688728365
689054615
689318084
689669084
689912834
690013428
690168396
690286959
690737053
690779459
690902646
690918771
691133428
691752334
692650896
692995553
693214959
694093646
694139865
694718021
694793990
694926990
695027365
695065084
695290365
695491959
695927053
696875709
696965240
698781053
698951834
699032584
699155490
699234896
699357709
699583334
699646053
699701271
701390740
707165271
707498146
707735521
708031990
708130490
708211834
708335053
709271146
709420709
709482365
709641209
709784146
709866803
710011084
710350146
710431990
710474865
711918053
712405240
712835240
713719771
714039303
714551271
714820553
714911865
715091928
715352396
716262803
716502209
716790428
717286678
717309928
717422271
717505959
717814584
717893115
718018553
718104115
718160615
718200803
718257834
718295396
718968490
724381990
724397303
724488240
724542053
724885615
725718678
725814271
728507709
730229178
730582990
730870584
730932834
731058178
731092303
731405021
731633709
731656490
733860178
735335615
738662334
738783271
738872053
738982021
739535990
739887209
740013803
741013053
741321146
742649084
742711334
742769084
742895021
743242178
743438959
743616990
744460803
744487396
745014646
745304490
745616240
745743396
745865865
746306459
746368615
746477021
746535834
746667646
747125771
747310178
748656178
748743615
748801021
748866709
749396584
749577865
749682709
749849928
749939396
750066615
750161490
750203365
750236021
752090459
752197928
752565834
752762896
752930803
753021834
753115709
754725771
756746959
756952053
757231209
757288990
757702646
757795928
757926990
758153740
758488396
758615615
760738303
760798240
763086334
763405771
763463709
763677928
763841084
763941115
764181303
764519646
764561428
764680678
764723865
764779678
764874740
765027865
765066990
765143365
765347053
765486615
765626584
765712959
765836896
766336740
766383584
766494334
766739959
766940615
767227365
767458521
768066021
768268115
769130803
769344834
769414678
769439084
770861178
771077459
771135553
771159115
771328209
771374740
771594303
771939521
771959709
772120459
772555490
773328365
773983396
774680865
774895615
774933865
775084115
776749146
779969928
780186396
780508146
780539865
780574521
780772834
780985490
781015803
781461396
781565740
781678615
781777803
781996021
782514428
782580459
782661865
783165771
785564521
787131959
789757490
792286428
794161240
795314021
795586865
795771084
795821521
795861990
795878334
795961803
796295553
797064990
797244834
797620646
797835928
798411115
799312553
799459084
799472584
800595240
802166115
802227521
804112709
805159678
805327021
805548740
805731865
806823834
806968021
807206865
807388146
807607678
808809553
809249115
809407146
809632459
810081146
811104928
811293021
811367553
812050459
812910334
813727709
814228709
815102990
816104271
816179334
816460115
816535646
816805178
817139553
817256365
817589709
817631646
817768678
817922428
818003553
818096646
818390740
818576553
818748896
818849178
818883428
818890115
818963084
820403334
820453584
820508928
820596615
820910459
820976303
821016146
821060365
821197053
821458365
821495396
821581240
821618240
821715084
821739771
822367115
822398021
822572928
822615209
822796959
822819990
822879115
823085271
823121615
823518365
824009146
824283865
824321240
824622240
824765240
824804615
824964303
825139521
825629396
825748396
825821803
826027521
826044115
826287709
826405334
826447021
826486209
826559365
826909271
827579709
828423709
828437646
829499865
829676990
831077209
831484146
833217334
837316209
838885334
839243928
840546803
840792834
842383896
842431303
842512740
842771303
842924521
843062459
843985740
844348803
844396584
844718740
846497396
846801021
847010084
847435428
848507365
850186834
850376553
850401209
850709459
850988896
851364865
851495396
851521896
851821521
851835209
851893928
851956021
852163865
852348240
852571521
852654146
853321740
853546178
853583584
853840740
854092865
854716584
854943021
855164021
855192334
855850428
856000990
856082490
856126021
856267740
856279521
856358990
856418459
856557271
856617803
856631146
856884490
856967365
857160740
857225521
857346584
860599303
860850146
860940334
861065740
861410553
861459740
861529115
861602834
861737553
861797990
861962490
862037584
862411115
862749490
862818521
862909396
862941271
863233584
863318115
863424959
863550146
863673896
863853928
864072084
864083740
864185021
864317803
864445615
864690209
864805615
864873303
865144459
865197865
865282459
865525146
870894896
870994084
871158053
871531303
871740490
873290709
873955959
875244709
875573209
875638146
875714959
875766084
876066584
876109771
876173084
876525240
876951365
877038771
877488428
877678459
877868553
878079521
878338396
878694928
879689928
880001584
880546271
881494896
882812709
884588209
884881865
885302490
886197084
886479021
886555584
886891115
886988803
887038740
887139146
887242021
887462084
887492240
887673459
887844646
888880209
889106740
889344865
889736771
889861740
889977365
890207678
890710334
892262209
892422428
892529990
892659834
892733896
893078428
893788303
893993990
894326803
894860428
897856021
898031459
898271053
899270553
901470021
901794678
901841834
902064271
902213865
903758615
904218271
904737240
905203459
906653490
911898990
913151584
913330271
913690678
914786896
915192896
915420271
915850021
915902209
916194990
916552771
918187396
920733709
920876678
920888584
920984115
921148396
921702209
922022990
922532428
923073959
923124459
923268865
923437803
923451115
923535021
923675990
923698678
924231115
927150178
928288303
930349865
930984553
931359428
931504740
931573709
931674053
931964740
932573678
932885365
933087178
933542428
933658990
933732428
933774115
933936865
934073615
934541709
934830334
934955365
935249271
935540178
935576553
935623740
936060396
936093865
938176334
938747771
938950396
939043428
939175271
939227990
939290678
939299334
939411428
939499896
940028584
940190490
940230584
940333990
940416646
940770803
941087928
941331490
941347678
941380990
941459896
941538271
941565365
941641678
941720553
941773959
941884490
941907521
941960709
942028084
942201896
942220678
942262959
942328771
942508365
942571209
942611334
942817271
942857928
942906271
942966053
943108678
943213678
943259303
943344709
943490803
943543865
943611396
943739959
943903553
944091146
944300771
944482490
944494959
944535178
944826303
945163928
945206178
945413865
945533365
946332928
946419053
946474990
946571365
946625678
946810959
947128084
947216084
947305365
947354178
947391021
947507771
947549365
947755959
947803021
947863146
947882490
948057209
948139146
948245959
948365396
948632021
948924615
948947865
949140490
949277396
949419896
949529365
949580553
949605115
949659178
949698146
949827428
949988959
950062178
950106021
950245803
950343209
950462803
950887084
951404396
951543615
951654521
951699240
951912584
952029615
952206771
952661771
952818709
952881709
953194271
953271959
953397646
953433271
953506834
953536803
953677803
953946584
953980709
954178553
954452834
954777521
955240646
955334521
956077928
956320084
956377271
956649490
956953865
957243240
957415803
957520303
957715396
957765209
957817740
958179834
958313896
958580834
958609490
958879178
958945178
959004240
959215803
959321271
959334803
959382709
959481146
959709271
959829115
959858584
960175740
960221365
960453771
961593209
961835053
962184459
965418834
966503646
966573053
966813240
966964990
967182803
967318115
967383021
967444990
967510240
967551428
967636990
967680271
967993896
968051053
968095740
968161271
968448646
968523553
968587209
968618209
968684334
968735334
968813053
969374834
969506803
969567084
969622240
969676646
969725646
969876178
970165896
970317334
970511396
970805490
970861178
970882553
971061521
971700771
972141740
972216053
972357771
972648615
972988334
973177209
973205803
973506990
973562459
973683959
974283396
974377771
974767521
975078178
975221271
975266146
975520271
975710396
975719240
975761521
975855959
975922959
975996584
976827396
977210053
977242115
977320209
977367584
977453271
977585521
978010959
978240084
978436271
978496178
978572146
979548740
980066771
980092021
980166740
982546771
982621240
982707990
982783896
982803428
985190584
985576021
985686709
985727459
985859740
985945178
986229959
986383396
986450584
986523146
988525396
992416678
992596146
992603834
992818271
992834178
993337334
993452678
995018490
995316334
995537584
995791834
995873365
995981209
996088771
996449146
996795396
996946240
996969740
997011834
997032021
997161709
997245490
997395740
997627146
997708209
997812740
998034115
1000490240
1001426553
1002178053
1002630146
1003134209
1003332396
1003512334
1003616396
1004008396
1004161271
1004622521
1004709334
1007845521
1008072584
1008197490
1008375771
1008723396
1008764490
1009087209
1009124365
1009230896
1009540584
1009541740
1009901646
1010308428
1010403334
1010566834
1010809240
1010968521
1011090146
1011215553
1011318428
1011359709
1011469865
1011757928
1011767271
1011832178
1011864678
1011910678
1012060771
1012134615
1012253928
1012445178
1012507396
1012542303
1013695428
1014067334
1014153428
1014548521
1014804615
1014906490
1015558803
1015784084
1015813896
1016270740
1016428990
1016889146
1017157115
1017390521
1017515834
1018345053
1018432459
1018462240
1018629865
1018722896
1019036334
1019193271
1019250553
1019284365
1019443240
1019708209
1019839740
1020032834
1020093334
1020149959
1020454771
1020484303
1020738209
1020811740
1021143959
1021715115
1021965615
1022100209
1022202209
1023547459
1023723334
1023779303
1023941115
1024163053
1024807115
1025330896
1025741146
1025781084
1025817959
1025869459
1025930365
1026487021
1026867865
1026919740
1027034303
1027042396
1027171490
1028105334
1028201053
1028250771
1028344021
1028501334
1028670240
1028688584
1028809584
1029010021
1029145146
1029423834
1029573490
1029657334
1029739021
1029881584
1030184115
1030315834
1030395803
1030447084
1030915084
1030975209
1031451709
1031634271
1031998178
1032302334
1032407740
1032442271
1032520084
1032677678
1032728678
1033336865
1033555178
1033771709
1033822053
1033985990
1034192990
1034438396
1034501334
1034582678
1034768896
1034819521
1034893396
1035187521
1035239896
1035727896
1035821990
1035979959
1036365396
1036504178
1036632365
1036728803
1036758209
1036793553
1037135115
1037721490
1037831240
1037959053
1038385021
1039052959
1039348553
1039829271
1040231928
1042349334
1042381084
1043226615
1043359084
1043499115
1043607521
1043619584
1043622896
1043648896
1043733178
1044007178
1044085053
1044127303
1045205084
1045206459
1046085803
1047408584
1047714490
1047932990
1049722053
1050186084
1050580428
1050661271
1052116865
1052161365
1052182959
1052275896
1052385646
1052479646
1052659834
1052722053
1052869615
1052903084
1052943334
1053006896
1053078053
1053191521
1053295271
1053324584
1053472178
1054050771
1056269240
1056619209
1056735084
1056840365
1056999896
1057799990
1058238084
1058389646
1058625178
1058715521
1058888553
1058980459
1059192428
1059582084
1059781021
1060117428
1060236084
1060253303
1060371428
1060425990
1060441146
1060544646
1060600146
1060661615
1060857959
1061210521
1061247459
1062996490
1065647584
1066711646
1067553334
1067732678
1068026615
1069253209
1069534678
1069577678
1069879021
1070293053
1071507365
1071599928
1072324865
1072849521
1075683771
1075998615
1076087084
1076134834
1076157771
1076442490
1076809896
1079084678
1079215115
1079243584
1081584896
1081650303
1081669865
1084185334
1084230240
1084325334
1085456303
1085796678
1085992865
1086127646
1086155334
1087157896
1087202678
1087235553
1087307803
1087490459
1087514459
1087595771
1087638709
1087773615
1087866709
1087914365
1088022240
1088252334
1088321178
1088331803
1088486459
1088550990
1089019115
1090421271
1090771365
1092061615
1092414209
1093029709
1093098834
1093914803
1094398303
1094489240
1094795584
1094875771
1094897459
1095109146
1095700771
1095908178
1096181771
1096269553
1096424146
1096823115
1097051490
1097095021
1097159428
1097295990
1098290584
1098305053
1098759646
1098899115
1098961990
1099018240
1099085740
1099260178
1099902178
1104466240
1105523803
1105782928
1107035021
1107859521
1107953584
1108080959
1108530334
1108669959
1108853146
1109139490
1109297615
1109659646
1109915178
1110110990
1110319803
1110417615
1110789928
1110917709
1111620334
1111960584
1112489490
1112945459
1113507928
1113593646
1113758240
1113843771
1113937084
1115231428
1115674615
1115771459
1115851115
1116188896
1117767396
1118321615
1118554646
1119215428
1119433178
1119701053
1119716896
1119904428
1120281146
1120586615
1121052646
1121167553
1121310084
1121360553
1121493678
1121814303
1122072615
1122269959
1122492803
1122776928
1123260615
1123314178
1123363928
1123660584
1123767459
1123960865
1124068803
1124832084
1124988240
1125085959
1125238521
1125286365
1125366209
1125408990
1127133178
1127700740
1127901053
1129727959
1130457834
1130702865
1131029115
1131073553
1131149365
1131218709
1131309928
1132023428
1132168896
1132198209
1132287053
1132354834
1132386459
1132452209
1132619803
1132976240
1133019396
1133420553
1133548459
1135961709
1137072615
1137624771
1138563584
1139630834
1139851021
1139993803
1141411459
1141785021
1142203178
1142454896
1142569771
1142867209
1145694928
1145939771
1145997240
1146161365
1146411709
1147054928
1147153740
1147290303
1147763021
1147915959
1148348646
1148367521
1149093803
1149142521
1149917740
1152640615
1152969209
1153040303
1153321771
1153507209
1153711053
1153797053
1154463865
1154512928
1154562928
1154617428
1154691615
1154762615
1154841053
1155168990
1155508021
1155914678
1155981490
1156345084
1158434928
1158482334
1158830834
1159130115
1159413021
1159606959
1159793834
1159841803
1159872240
1159912334
1159988678
1160380084
1161226646
1161994740
1162739928
1162827896
1164733021
1165159646
1165202896
1165240490
1165316303
1165532303
1165935521
1166907021
1167160990
1167795115
1168265459
1168616615
1169097334
1169423271
1169548928
1169904428
1169985928
1170044084
1171622521
1178310303
1181078771
1181850271
1182295928
1183171053
1183627146
1183880271
1184155334
1184229459
1184370865
1184501521
1184762740
1185206209
1185340896
1186270490
1186753521
1187113709
1187381615
1187714178
1188131928
1189399209
1189679365
1189844178
1192277428
1192384396
1192922428
1193027834
1193144271
1194220928
1194502271
1195010490
1195300959
1195348615
1195579490
1196039928
1196106271
1196359303
1196369834
1196786021
1196916021
1197228334
1197506615
1197627553
1198627053
1199103303
1199213740
1199357584
1199561178
1200709240
1201582428
1202208709
1202982303
1203285146
1203669271
1203869396
1204146053
1205266553
1205462959
1205553709
1205673834
1205995146
1206403428
1206560053
1206701803
1207889459
1209062646
1212544990
1212590615
1212688053
1212881396
1213628709
1213767740
1213835646
1213883740
1214098428
1214191334
1214410084
1214465740
1214633115
1215215771
1215399553
1217540053
1217747021
1217767865
1217778646
1217820959
1217874084
1218106396
1218497865
1219854240
1220875709
1220919303
1221335990
1222530146
1223761271
1224469740
1224640178
1225809709
1230336396
1231120928
1231182896
1232178178
1232640084
1232734271
1234543928
1234674021
1234802115
1235328396
1235947271
1236237271
1236418271
1237355928
1237929803
1238261271
1239152865
1239706584
1239868146
1241902834
1242035584
1242364053
1242616303
1243050771
1243054553
1246173115
1246259771
1246312990
1246448084
1246499490
1247229115
1247370459
1247529178
1247641428
1247996209
1248063834
1248432303
1248562646
1248792584
1248862896
1249464959
1249590209
1250446615
1250616615
1250747084
1250799428
1252314459
1253453084
1253804396
1253954959
1254067490
1254268521
1254317709
1254363021
1254678334
1254746834
1255267146
1256249803
1256343396
1256376053
1256557303
1256778178
1257022240
1257137615
1257183240
1257440959
1258091021
1258153053
1259290584
1259454615
1259961178
1260957959
1261228646
1261320428
1261556365
1261622709
1262030115
1262147678
1262398459
1262833959
1263096084
1263196771
1263502803
1263748209
1263964240
1264242740
1265065146
1265478209
1266543178
1266835365
1266901428
1266947428
1267554865
1267565834
1267882928
1268441678
1269223740
1269404834
1270876865
1271334615
1271605678
1273876865
1274520803
1274674990
1276314959
1277590678
1277908646
1278159146
1278407428
1278461146
1279122584
1282963771
1284271428
1284353240
1284521646
1284539959
1284673365
1284860303
1284896365
1285117521
1285609240
1286189990
1286546490
1286994615
1287021271
1287166834
1287259209
1287575678
1287649084
1287683365
1287759865
1288656428
1288740709
1288957459
1289241396
1289434240
1289656553
1290160021
1290196365
1290327178
1290882615
1291240553
1291975459
1292827396
1292966709
1293123303
1293510396
1293687803
1293793146
1293926865
1294734834
1294843178
1294932521
1295032678
1296230584
1296394459
1296519834
1296541834
1296678021
1297199896
1297675771
1301265803
1301853490
1301912428
1302448053
1302492834
1302525084
1302571271
1302708928
1303123584
1303150803
1303436084
1303782865
1303880084
1304070459
1304196834
1304333428
1305141303
1305315865
1305545459
1305714896
1305887053
1306476178
1306623678
1306660803
1306788271
1307040053
1307288396
1307441709
1307500303
1307552990
1307606678
1307658646
1308032115
1308545709
1309066521
1309091303
1309133959
1309160678
1309186615
1311868084
1312132646
1313586334
1314318615
1316929678
1317719459
1318281178
1318609553
1318695021
1320621928
1321268584
1321575178
1323392771
1324679021
1324742615
1325161834
1325371584
1325455584
1325661490
1325837146
1325871084
1326038834
1326272240
1326328584
1326605209
1326996365
1327050740
1328110678
1328132990
1328152678
1328218021
1328546271
1328640615
1329167803
1329234303
1329308615
1329527928
1329587271
1329806521
1329934115
1330244053
1330303490
1330404615
1331764021
1332326334
1332621521
1332907521
1332984178
1333575178
1333731053
1333939021
1334163959
1334312396
1334415928
1334587396
1334854990
1335094740
1335179740
1335263584
1335364521
1335509053
1335633053
1335848771
1335909459
1335979865
1336079178
1336106709
1336217615
1336267896
1336377084
1336648334
1336780396
1337235053
1337580146
1337611865
1338017865
1339089303
1339397178
1339494740
1339535240
1339661459
1340271303
1340357146
1340979115
1341468178
1341747709
1346549271
1347317334
1347903553
1347936146
1348024803
1348292615
1349386146
1349534928
1349708396
1349866115
1350436396
1353478021
1353540553
1353938084
1354194209
1354602678
1354781521
1354948459
1355092459
1355311271
1355812428
1356014396
1356093615
1356408990
1356469678
1356526428
1356777928
1356970053
1357583896
1357677584
1358035490
1358305990
1358461240
1358491553
1358618115
1358732053
1358752459
1358950834
1358991740
1359246334
1359689396
1359713240
1359950615
1360026334
1360056521
1360237740
1360362521
1360437146
1360538678
1360562053
1360615678
1360656834
1360696771
1360714053
1360953459
1360995521
1361044115
1361057521
1361283428
1361346521
1361544740
1361732146
1362314521
1362580053
1362639865
1362782553
1362872834
1362917084
1363027396
1363400584
1363616428
1363917209
1364476396
1364755803
1366333553
1373384271
1373557553
1373911459
1374248178
1374660678
1375254459
1375296771
1375352553
1375635803
1376232365
1376999584
1377605240
1377991240
1378222584
1378336240
1380645521
1381238084
1381747428
1382114678
1383447084
1383663490
1384177396
1384854834
1384993584
1385250303
1385608459
1386229646
1388120084
1388313271
1388704646
1389003365
1389441584
1389547209
1389609459
1389681271
1389866021
1390149584
1390351428
1390376928
1390413115
1390799990
1390874521
1391045428
1391091209
1391124990
1391148365
1391231271
1391370928
1391839365
1391868365
1391972990
1392356021
1392765646
1393798678
1393830521
1393843396
1393995521
1394103084
1394220365
1394310584
1394371584
1394648584
1394958553
1395066678
1395080834
1395283334
1395334178
1395546240
1395603240
1395627271
1395676553
1395696428
1395857053
1395915928
1395959459
1396031053
