327243049
327329143
327827862
328514424
329101237
329477581
329521049
329615237
330240518
330539393
330753831
330860299
331846112
332111206
332430362
332554924
332655706
332758987
332868862
332958549
333037706
333096799
333924831
334263799
334597674
334903018
352253393
352496549
352605706
352696143
352713768
352822143
352949956
352990612
353095674
353138893
353207268
353314956
353383862
353453893
353530862
353547268
353560643
353572893
353682924
353721081
353787112
353869643
353955643
354193768
354253237
354355424
354546112
364238768
364417487
364672612
364921956
365378143
365920924
366080893
366283706
366931987
367117737
367283612
385496112
385550456
385854612
385989862
386091862
386201049
386260299
386347831
386418456
386468956
386553174
386616174
386721924
386833674
386909706
386980174
387006112
387066268
387176643
387365956
387423581
387769862
387859362
387946081
387990549
388109424
388185956
388440143
389262706
389462893
390497081
390744612
390887706
391776362
391998456
392469737
392571706
392675112
392772893
392908456
393017737
393108674
393281299
393652893
393753331
393809424
393849393
393937987
393990924
394044831
394066081
394149956
394168174
394224362
394306612
394346518
394449924
394506331
394628362
394673206
394704768
394735112
394741643
394840612
394899237
394952799
394982424
395053299
395136456
395188174
395278612
395389924
395494862
395591174
395649143
395667237
395720612
395770893
395796893
395922206
396046206
396120299
396230768
396371924
396447487
396466643
396526299
396553206
396580518
396628737
396741768
396766549
396810424
396819299
396857112
396889581
396901174
396911424
396994862
397056862
397079081
397091456
397127424
397139299
397170924
397216487
397232831
397261393
397277206
397287112
397304956
397349268
397362268
397405331
397446799
397480831
397494049
397618831
397700237
397739112
397765987
397826487
397923893
397954206
397982331
397997237
398028362
398055987
398077893
398111143
398191237
398221737
398233768
398248706
398362018
398380174
398443299
398454362
398516987
398579987
398589299
398688424
398742299
398804893
398822174
398853987
398876237
398893112
398934862
398958206
398998706
399224706
399534924
399633612
399841706
399896362
399922299
400130143
400203987
400219706
400420393
400679518
400735581
400761956
400775018
400838737
400917081
400959643
400989862
401012268
401028799
401040831
401067987
401080456
401106674
401136612
401148706
401169237
401214237
401227799
401243987
401270331
401339299
401365581
401518487
401534143
401586081
406034862
406077581
406183362
406189706
406360424
406379831
406395987
406423174
406432893
406455299
406498174
406521549
406572549
406590956
406633081
406671643
406686143
406720049
406738049
406796049
406809862
406842612
406873799
406909049
406991862
407067143
407170768
407185674
407307831
407391737
407418643
407459706
407509018
407564143
407589799
407638424
407664549
407676706
407692987
407758581
407783456
407803456
407824956
407899893
407947268
407963081
408018362
408060862
408072674
408084549
408117643
408141643
408169799
408187643
408209768
408242268
408257393
408279549
408327424
408376143
408393268
408408268
408449768
408470393
408503987
408548362
408559612
408574268
408593299
408628362
408646456
408821893
408847674
408893331
408948706
409001331
409014018
409055424
409146799
409410268
409458081
410407518
410473362
410532799
410557581
410653424
410690924
410744862
410798143
411486487
411530487
411625393
411638299
411679643
411743956
411761456
411785206
411843737
411932424
411948143
411972987
412034612
412056831
412071518
412092674
412116799
412158018
412170487
412244862
412254362
412334143
412349706
412368331
412397549
412469112
412483018
412506174
412524331
412648518
412668143
412715518
412769237
412805862
412816768
412905018
413052862
413081612
413126237
413274393
413291049
413346112
413386831
413397018
413416831
413462237
413485706
413513674
413531362
413564331
413591206
413615924
413632424
413647206
413667237
413720549
413785581
413850612
413876206
413897862
413915456
413955206
413975299
413995237
414057049
414083706
414140237
414160424
414219487
414243893
414256862
414337893
414382893
414408956
414461549
414524643
414552456
414566081
414583706
414664018
414687393
414743581
414797549
414815924
414841018
414889424
414934987
414953799
415004362
415068268
415082112
415111612
415141487
415178706
415201018
415229143
415315893
415333237
415368237
415383237
415415549
415461112
415549518
415563643
415611362
415622081
415648862
415672362
415797299
415859143
415882112
415942143
416008799
416074174
416250549
416271112
416290299
416319706
416394174
416496518
416566487
416618956
416690893
416743206
416812674
416832612
416867456
416953737
416999768
417076643
417369237
417440768
417569424
417709831
417830643
421146768
430437674
449844956
450029299
450317112
450562299
451377518
451539612
452016893
452081737
452124987
452163049
452284049
452422737
452580612
452728331
452888268
452904112
452972768
453050456
453101893
453192456
453255018
453326143
453430862
453468862
453580706
453705674
453746362
453768706
453873924
454184768
454304674
454429456
454577299
454665362
455092424
455180768
455467424
455592768
455801706
455906393
456066362
456169706
456215049
456581174
456909831
456962987
457386393
457681393
458061674
458363581
459006456
459597299
459935174
460031268
460147643
460218549
460314799
460502581
460583799
460715081
460742456
460784018
461234893
461613549
461958081
462100768
462429487
462563893
462750987
462839831
463216112
463363737
463803549
463898206
464124924
464324237
464376018
464481549
464715831
464831799
464922393
465059549
465123581
465163206
465808737
466196112
466378456
466682768
466942893
467315737
467576237
467661299
467778299
467851299
468081424
468144862
468285956
468356081
468419987
468690674
468725237
469046706
469233018
469409331
469530081
469596706
469884174
469932581
470087924
470391424
470431581
470673018
470807987
470972799
471074331
471090581
471146862
471183643
471206299
471453674
471529487
471642456
471815174
471876143
471933424
471943737
471970362
472066206
472115331
472145487
472186424
472208612
472222393
472236799
472264674
472289393
472306987
472326518
472380456
472471174
472524924
472568706
472619518
472692018
472780018
472797674
472946831
473090768
473272456
473326737
473415112
473827424
474491924
474697143
475011549
475155049
475255924
475395581
475987456
476054206
476066206
476175768
476253393
476314487
476346768
476500487
476516424
476533706
476630237
476683487
476755987
476915924
477052893
477179362
477264456
477324456
477438831
478293174
478594237
479403331
479679799
479799987
480336362
480457206
480969487
480982581
481064268
481244831
481336612
481499143
481598143
481991299
482137049
482213299
482264831
482328456
482465268
482537893
482924674
483345362
483563362
483674893
483741299
483848706
484055581
484217049
484240893
484488393
484556174
484585237
484599049
484665706
484782487
484869081
484899518
484912112
484990393
485112799
485259049
490149393
491956799
492039799
492148862
492296331
492468674
492552924
492907049
492992643
493307831
493792581
494039549
494219674
494386424
494400549
494575081
494680612
495177549
495318518
496423956
531174831
531188362
531322737
531361174
531412581
531816768
532120331
532185112
532252924
532529831
532752862
532777549
532831143
532938831
533030143
533315299
533537549
533628674
533727206
533788456
533930799
533988831
534041081
534123643
534204487
534223237
534244081
534275362
534287831
534307424
534324362
534393206
534453581
534484393
534525518
534561549
534651674
534816768
534927393
535520018
536265424
536341612
536412987
536501299
536925362
536996456
537011456
537039987
537068424
537147643
537169112
537242299
537401862
537485487
537531924
537579768
537622487
537642143
537683643
537762893
537867737
537882112
538023581
538152674
538245143
538317206
538553174
538707831
538718674
539078956
539177518
539289299
539375549
539438643
539526768
539599268
539648862
539689268
539749424
539835393
539859456
539901737
539910987
539951331
539990737
540088393
540146862
540199362
540311862
540346268
540381643
540443049
540542674
540559862
540589331
540611331
540641706
540667831
540704487
540722331
540853737
540862549
540926018
541001893
541173737
541230581
541259674
541303081
541371424
541444956
541461331
541618237
541679362
541762706
541820737
541850206
541923081
541951862
541989174
542011362
542028612
542087643
542133956
542208643
542216362
542318643
542461924
542560081
542618956
542778049
542837331
542904518
542938799
542960924
543092987
543199768
543343143
543424112
543501893
543603799
543684143
543903487
544181674
544272706
544389831
544489174
544615487
544786299
545674862
545883393
545976924
546009831
546049768
546083456
546122362
546158956
546181956
546283674
546322331
546362549
546394049
546450706
546460612
546552924
546615643
546726112
546797612
546958174
546972393
547002049
547037049
547092424
547111581
547189956
547202549
547252862
547339393
547359706
547380143
547395612
547437456
547565643
547586143
547617862
547658237
547671018
547683768
547751799
547774331
547786331
547819612
547845674
547883362
547900174
547919018
547943393
547981424
547999112
548012799
548029581
548067268
548083112
548098612
548116768
548136893
548184518
548209956
548255643
548269924
548328987
548376049
548393737
548403674
548459174
548475893
548507862
548526424
548552987
548663549
548682737
548714237
548749237
548790018
548849549
548862799
548905924
548930237
548952299
548962331
548985862
549001362
549060768
549074862
549123674
549137143
549155549
549226518
549252987
549270799
549283424
549296331
549335706
549421424
549464862
549496081
549546018
549611174
549631612
549691581
549724424
549753768
549787237
549805768
549829049
549875362
549897518
549937018
549958987
549987018
550054424
550128768
550180331
550231831
550272549
550331424
550370674
550422893
550436018
550488737
550518143
550552737
550562143
550575768
550644362
550667768
550692112
550731956
550757456
550798362
550809206
550843862
550890268
550927393
550967456
551061424
551081081
551093831
551112862
551187831
551202674
551225799
551262424
551317018
551470799
551502424
551514799
551557299
551611456
551632737
551720112
551737768
551756174
551804362
551823299
551864674
551899612
551936424
551954362
551971831
551992237
552029893
552063049
552102487
552132143
552150143
552189268
552256393
552325424
552374768
552455081
552486049
552525831
552545862
552663362
552756331
552783643
552967706
553224174
553316987
553490237
553547737
553753831
560018424
560165112
560403737
560491299
560502331
560553924
561460549
566989206
567065518
567109424
567128643
567194581
567209487
567273893
567282206
567329393
567356612
567375237
567395549
567419643
567515112
567555237
567589831
567606456
567631237
567683706
567718487
567761049
567830174
567870987
567959237
568008643
568020581
568078049
568095331
568137768
568236112
568255956
568365049
568377268
568411237
568440393
568467737
568485862
568512143
568585393
568641831
568668643
568693893
568730393
568752268
568805643
568848206
568873643
568910487
568919237
568931518
568959174
569049237
569130674
569206924
569217424
569229393
569252893
569302362
569406174
569450331
569524424
569577706
569602987
569656456
569674112
569688987
569736362
569827612
569869612
569956237
570028393
570071737
570199549
570322799
570401081
578977612
579243393
579462862
579575081
579720768
579858924
580016799
580036549
580118393
580271518
580559487
580675237
581650487
581792362
583145924
583242362
583269518
583317081
583356518
583379299
583397987
583426393
583457299
583485049
583545299
583558737
583576331
583629206
583666518
583716456
583731862
583749893
583797799
583875268
583889549
583930487
583950393
583988018
584026956
584055737
584173174
584201924
584240143
584349174
584400268
584417549
584466862
584479456
584714393
584761018
584794456
584930643
585025174
585043081
585071393
585175237
585199299
585257456
585293206
585390768
585449049
585503549
585568581
585613049
585647487
585707393
585824987
585875143
585906581
585940081
585948862
585963487
586049674
586358581
586397893
586480768
586717862
586798456
586971674
587191612
587677393
587778362
587930674
588130362
588165956
588185018
588222206
588258143
588313893
588326112
588344956
588361549
588377893
588456737
588467643
588478362
588582987
591449518
591475612
591573612
591653299
591727956
597770987
597898206
598769612
599536362
600230612
623918956
623980299
624036299
624126456
624134174
624188299
624265674
624323299
624335581
624401456
624509768
624544206
624648831
624702831
624792237
624849237
624950143
624989862
625096956
625154237
625204268
625236268
625256237
625299518
625401237
625438174
625450112
625476674
625495862
625512237
625523768
625551768
625572862
625589143
625622987
625661893
625694018
625712081
625758706
625775706
625801674
625850987
625862987
625880174
625899643
626004049
626045299
626099299
626177987
626471456
626543362
626748456
626794674
626824018
626931549
626969049
626995706
627017299
627040987
627048487
627059737
627175924
627229143
627274331
627293518
627315768
627323987
627431987
627511674
627548424
627564362
627590893
627616143
627705831
627727831
627745174
627763581
627818143
627850518
627919393
627939737
627957956
628050174
628078737
628117643
628163518
628261987
628287237
628333674
628364268
628383299
628418331
628488549
628541768
628624768
628641956
628697518
628728518
628759362
628834706
628873268
628897456
628932518
628973143
629033706
629061143
629119237
629134049
629216487
629284018
629299799
629311174
629353549
629366706
629391987
629415581
629475581
629497174
629512737
629528799
629539674
629573612
629586487
629631393
629647862
629682706
629724424
629746237
629758893
629792612
629821143
629838331
629864456
629879206
629920768
629944049
629954612
630007018
630070081
630108143
647050206
647674706
647975018
648091393
648280112
653143237
653322424
653481081
657206081
657426487
657534143
657557081
657622362
657698518
657797206
657962362
658055549
658151643
658193112
680884393
681149924
681496581
681535612
681700143
681806893
681945049
682044737
682240799
682331862
682471049
682651831
683006581
683027924
683093081
683199049
683327706
683438768
683630924
683871924
684058424
684310331
684506112
684576362
684812424
684952049
685260518
685884206
685952674
686071862
686828956
686938143
687462581
687930737
688064331
688161643
688614612
689121612
689225737
689413518
689547393
689814549
689880081
691671112
691744081
692137862
692260987
692351456
692495018
692794674
692858643
693047987
693162831
693191831
693430424
693903893
693960643
694301987
694372393
694444831
694501112
694546549
694607424
694639456
695164768
695219893
695286393
695366799
695429831
695454643
695481799
695674581
695777424
695814799
695832393
695857331
695936924
696035924
696352831
696475143
696716456
707253362
710411956
711022518
711235174
711347799
711490737
711578018
711759768
711975518
712553112
712819674
712848674
712951643
712974174
713010018
713056049
713065424
713133924
713161456
713234799
713262956
713289206
713311206
713339924
713366956
713384737
713409456
713459237
713485331
713511737
713531487
713557549
713573424
713601081
713612612
713638424
713655143
713666487
713696018
713717362
713749362
713767831
713810862
713820581
713889862
713901674
713960424
713981268
714023487
714053331
714108206
714176174
714198737
714212299
714227331
714238549
714256081
714271331
714323018
714402299
714448549
714501831
714518893
714562831
714582268
714616174
714640643
714713174
714740174
714797206
714853049
714894206
715008924
715024581
715069799
715091706
715136987
715146237
715174706
715187862
715231956
715263143
715274737
715298299
715314362
715376768
715409237
715447456
715468268
715490018
715526518
715585487
715622831
715712143
715790237
715831893
715844393
715859893
715904987
715917956
716201706
716300549
716603331
716726143
716955924
721839206
721946362
722697362
722989549
723208362
726013862
726078268
726100143
726185706
726256799
726300706
726323237
726513143
726549518
726561112
726580331
726616768
726636831
726658643
726682112
726780206
726839393
726997206
727011174
727181174
727219831
727380862
728011049
728388268
728645987
728743487
728824174
728975331
729347518
729555862
729618143
729674081
729716956
729881018
729926674
730211799
730496049
765104987
765170643
765198049
765250518
765313487
765417956
765445737
765465924
765528424
765564487
765599174
765641424
765668424
765699581
765707393
765725237
765738362
765779706
765800674
765830112
765923487
765952049
765983268
766047549
766074268
766150081
766177956
766193112
766221924
766234018
766328299
766345706
766360737
766424799
766496674
766564331
766633518
766652362
766736487
767103518
767167987
767380799
767417299
767605487
767840018
768418143
768476206
768575737
768641862
768770237
768920862
769069956
769229331
769328893
769509174
769871862
770238143
770527081
770749987
770947268
770994456
771091393
771204518
771436799
771490268
771546393
771585924
771596737
771611299
771626424
771640831
771693112
771720331
771737049
771744581
771767393
771788112
771906893
772002143
772028581
772109456
772132737
772294081
772336737
772381174
772413987
772477081
772533643
772602237
772611518
772623862
772643237
772654424
772704643
772774174
772830862
772898143
772993674
773022424
773076706
773093799
773127831
773152049
773184643
773222581
773235706
773245424
773297831
773354487
773383331
773392893
773429206
773466924
773503549
773544424
773609362
773637237
773678331
773713487
773746424
773773362
773948456
774103674
774139674
774155237
774168362
774200862
774238174
774255706
774286299
774320674
774347768
774360706
774375581
774409424
774419237
774429331
774495393
774508424
774564893
774604893
779810018
779954862
779989768
780031049
780061549
780133581
780152924
780185518
780244893
780348862
780497206
782423143
782723549
782847299
783032424
783053268
783068581
783123206
783297549
783393174
783486643
783534174
783626112
783787018
783981924
784026081
784041518
784152393
784205799
784374518
784430424
784533331
790732737
790796643
790992612
791060487
791161987
791200299
791255518
791479924
791531862
791680987
791837424
791907487
791918112
791983112
792041612
792062487
792098581
792123206
792159924
792202362
792240331
792271549
792292143
792347424
792380768
792418018
792462299
792563331
792629393
794021362
794102768
794229831
794278456
794322612
794401049
794456581
794532049
794670674
798598393
798809081
800252831
800365862
800498299
800781268
800829049
800939268
801029081
802226799
802244393
805497456
812204862
812235924
812275299
812301706
812326237
812337112
812366581
812411706
812430768
812452393
812465987
812492956
812576268
812592987
812602424
812613456
812635862
812662206
812686456
812695112
812710237
812773831
812808174
812826956
812889924
812906643
812979581
812988049
813000706
813015924
813038049
813092299
813170674
813304831
813326112
813355643
813438018
813588206
813650081
813715237
813793081
813902299
814265018
814352331
814568299
814686831
814915237
815099174
815171237
815193862
815247956
815306768
815356924
815391143
815502643
815554643
815567893
815601862
815633299
815656299
815689893
815825706
816020612
816127956
816183862
816221299
816344143
816399862
816442893
816521612
816607081
816637518
816740393
816815049
816838674
816866581
816887268
816982924
817013862
817053393
817079674
817130206
817140487
817195206
817218674
817232768
817251612
817261674
817278174
817323081
817391143
817406799
817485456
817557174
817592206
817663643
817689924
817733549
817805081
817877393
817936487
817966018
817994362
818010737
818157518
818184362
818235424
818293456
818337956
818415956
818465268
818554456
818577674
818691424
818866706
818975518
819003143
819040799
819058987
819078393
819106393
819165424
819182737
819234956
819272018
819279768
819289799
819316581
819332924
819358956
819430581
819461674
819572112
819669737
819720674
819892331
825703643
825804893
825963518
826041799
826487174
826548893
826722018
828058737
832666893
853934299
853952174
854024237
854064018
854118487
854159081
854182268
854198081
854216674
854235518
854294987
854350737
854362862
854389237
854433706
854453893
854473456
854491143
854523674
854561424
854590049
854601112
854622331
854655393
854683581
854698299
854714612
854779831
854810081
854857768
854884581
854938737
854990268
855004237
855055268
855084956
855145612
855231081
855237456
855250299
855285518
855360612
855438893
855481362
855504768
855529924
855545706
855554706
855634112
855694268
855778206
855801299
855812393
855835018
855860643
855886393
855893331
855909862
855943862
855959268
856033206
856041112
856058643
856075799
856156393
856180112
856233737
856305612
856422643
856493143
856550143
856654831
856787987
856897393
856980737
857084424
857176487
857240331
857325143
858088862
858294331
858381487
858496893
861128299
889259643
889301112
889377924
889419674
889435706
889490237
895353206
895473081
896987518
897047362
897176737
897286456
897721393
897786862
898053612
898146049
898171331
898228518
898311112
898319393
898360487
898387518
898402518
898435674
898580674
898626299
898656893
898723018
898777018
898953737
899086643
899120893
899247237
899333737
899464206
899616893
899699706
899779268
899849987
902514956
902744237
902861549
909737956
919617424
919715737
919752487
919812987
919920581
919987049
920032049
920053237
920099862
920160737
920250237
920532081
920624299
920765299
929734174
929777612
929821362
929830643
929918956
930186893
930348018
935848174
936021706
949356049
949600393
949669456
977608299
977642424
977663862
977782112
977812049
977892331
978007018
978060768
978082143
978460737
978615018
978777737
979023518
984028174
984139581
984184768
984214206
984264081
984284612
984349268
984460674
985109987
985563362
985794581
986377518
986806393
986853549
995521924
995577956
995646268
995662268
995671924
995813174
995959956
996005487
996050987
996096049
996143581
996217018
996256049
996287674
996343581
996368487
996423174
996580362
996642081
996676737
996814737
996888174
996973456
997256924
997800924
998097831
998660112
1001739581
1001786987
1001978174
1002105737
1002166737
1002267956
1002527049
1002866018
1002981956
1003045049
1003082393
1003110581
1003148268
1003238268
1003298206
1003370581
1003389612
1003442424
1003471299
1003541987
1003594862
1003613299
1003650424
1003682299
1003748018
1003807143
1003999424
1004055956
1004113112
1004215362
1004232956
1004310299
1004351643
1004487049
1004521518
1004583612
1004614206
1004679862
1004789424
1005206331
1005271987
1005301862
1005442518
1005456362
1005516549
1005682549
1005726706
1005804862
1005867518
1006080581
1006142706
1006182674
1007899706
1007917643
1007943174
1007994174
1008015987
1008043143
1008122299
1008133237
1008169518
1008229581
1008258424
1008293018
1008346268
1008388862
1008406768
1008435049
1008450018
1008479831
1008500081
1008527424
1008541581
1008574393
1008649862
1008672487
1008685331
1008698924
1008707112
1008726393
1008743049
1008757237
1008788674
1008811268
1008820924
1008833331
1008886706
1008904268
1008919862
1008975768
1009005956
1009025737
1009046424
1009084581
1009110487
1009126112
1009172112
1009219206
1009233643
1009263799
1009288143
1009319331
1009345549
1009359737
1009420049
1009458831
1009473206
1009496549
1009530174
1009540268
1009554049
1009610737
1009620081
1009643831
1009657643
1009675862
1009688424
1009748799
1009794487
1009826237
1009855456
1009871362
1009899143
1009913706
1009924081
1009972862
1010011987
1010044112
1010069987
1010080581
1010092049
1010167768
1010193487
1010219206
1010238081
1010247862
1010289518
1010303331
1010327112
1010420737
1010457487
1010548112
1010573206
1010695862
1010811799
1010843393
1011147987
1011552049
1011639924
1011722299
1011791143
1011835799
1011868362
1011888549
1011950081
1012026706
1012040143
1012122768
1012207768
1012215237
1012229612
1012253393
1012285206
1012294862
1012394768
1012464581
1012635612
1012657331
1012708487
1012740581
1012883706
1012907331
1013004893
1013154456
1013443862
1013562237
1013785018
1013863893
1014145424
1014453268
1015102456
1021004424
1022071956
1028432737
1028515612
1028718268
1028740549
1028814643
1028983424
1029100268
1029174956
1029268237
1029390862
1029463299
1040841674
1041071299
1041244518
1041312424
1041759924
1059885424
1059936174
1059995362
1060472143
1060601456
1060705612
1060819393
1060893487
1060935143
1061221674
1061517112
1061631174
1061678456
1061771456
1061795081
1061857893
1061873643
1061901862
1061920081
1061933956
1061959612
1061989018
1062062237
1062264393
1062498424
1062595643
1063327081
1064028862
1065333768
1081479362
1081715331
1083099268
1083196331
1083289924
1083347081
1083426143
1083484143
1083520143
1083602143
1083748331
1083896956
1084188456
1084219081
1084239612
1084269143
1084362206
1084395893
1084408706
1084439268
1084734299
1084810987
1084862987
1085035768
1095061112
1095160424
1095231674
1095319174
1095432706
1095521768
1095798362
1097778893
1097995612
1098131487
1098191268
1098456081
1098563424
1098728612
1102996424
1103178924
1103366518
1103739549
1104030393
1104134018
1104346393
1111238206
1111260831
1111293362
1111323706
1111391143
1111485424
1111495956
1111558987
1111601924
1111632737
1111652237
1111765706
1111776424
1111782737
1111840268
1111905174
1111972112
1112012706
1112068237
1112107268
1112133768
1112168737
1112201831
1112229018
1112266706
1112284643
1112369674
1112412737
1112429206
1112547206
1112581706
1112654737
1112699893
1112735237
1112793018
1112851643
1112980799
1113014956
1113110518
1113176143
1113233581
1113288737
1113381487
1113476862
1113605393
1113632237
1113741487
1113871081
1114003674
1114087362
1114118674
1114224424
1114287612
1114467424
1114692674
1114848143
1114910956
1115152893
1115369081
1115891893
1116100456
1116150737
1116272487
1116339706
1116418581
1116487206
1116561612
1116630174
1116727081
1116794237
1116848143
1116869581
1116878581
1116904799
1116961956
1117012174
1117033112
1117142706
1117195487
1117238643
1117273549
1117291987
1117330893
1117350768
1117366549
1117434549
1117458237
1117543549
1117605893
1117652799
1117688174
1117730299
1117793206
1117805862
1117822581
1117842424
1117854893
1117881049
1117906737
1117923924
1117978206
1118019174
1118034643
1118053799
1118081018
1118091456
1118106549
1118134581
1118155768
1118165049
1118223018
1118247206
1118271549
1118279862
1118294049
1118349799
1118359456
1118370393
1118398393
1118448362
1118481112
1118511706
1118535518
1118564674
1118579799
1118623862
1118653487
1118683518
1118695456
1118711612
1118722424
1118759424
1118795049
1118815206
1118854174
1118871143
1118900518
1118922112
1118933299
1119006362
1119054237
1119104893
1119225174
1119369424
1119454612
1119484768
1119840487
1119908299
1119925956
1120066362
1120174956
1120215268
1120244206
1120385706
1120948674
1121052331
1121219799
1121530268
1121788518
1140233487
1150133674
1150166549
1150302487
1150425987
1150469924
1150488581
1150586299
1150658174
1150776581
1150823331
1150877518
1150917299
1150943112
1151000987
1151506924
1153536987
1153595674
1153650643
1153704956
1153722424
1153792268
1153803393
1153836456
1153897081
1153997987
1154052862
1154085549
1154221987
1154354456
1154463674
1154586081
1154678518
1154737924
1154809143
1154932549
1154995862
1155020393
1155139143
1160259737
1160447924
1160831237
1160933799
1160985674
1161092612
1161223393
1161343862
1161516643
1161797081
1161901237
1162116112
1162340799
1162651674
1162816237
1162831768
1162958799
1163170393
1163602393
1164046299
1164161612
1164385299
1164474237
1165112518
1165353581
1166719268
1166784893
1166868081
1167199799
1167313143
1204275674
1204370393
1204569049
1206378081
1206582299
1206768424
1206850581
1207274049
1207383237
1207605362
1207746049
1207847268
1207936956
1208113112
1208199424
1208245862
1208451987
1208990893
1209093612
1209146799
1210021831
1210095049
1210216456
1210258331
1214339799
1214409456
1214553643
1214585174
1225369737
1225639237
1225738112
1225909018
1225986706
1226029987
1226103799
1226326956
1226374893
1226455612
1226871956
1227005956
1227308081
1227515049
1227625362
1227767799
1227813893
1227894487
1227937393
1228009393
1228137862
1228191299
1228237393
1228343018
1228363018
1228469674
1228505799
1228551612
1228593143
1228662174
1228693143
1228718581
1228778174
1228806393
1228886549
1229005018
1229021049
1229042081
1229150081
1229232331
1229314112
1229334706
1229346018
1229392268
1229476956
1229520518
1229593143
1229696237
1229840299
1229921393
1230013424
1230099456
1230143393
1230212206
1230233737
1230262331
1230276112
1230292768
1230330893
1230375174
1230432487
1230443518
1230452268
1230480456
1230554956
1230590456
1230607487
1230652268
1230689174
1230770424
1230790143
1230820049
1230850424
1230864862
1230891112
1230904987
1230914862
1230980174
1231025112
1231122831
1231151456
1231211674
1231264299
1231299549
1231338487
1231380362
1231398206
1231433956
1231464143
1231488143
1231520674
1231604424
1231641956
1231677206
1231719268
1231739831
1231752768
1231759987
1232006081
1232030924
1232116799
1232241518
1232322768
1232495424
1232634518
1232753331
1233012424
1233116956
1234055049
1234772393
1234868143
1236020049
1236625706
1236719737
1236731799
1236751456
1236761893
1236828456
1236840612
1236917737
1236939893
1237010362
1237033206
1237042456
1237170049
1237229456
1237252299
1237271143
1237401768
1237471112
1237517831
1237553831
1238140362
1238160987
1238201018
1238286612
1238323893
1238351112
1238369581
1238403987
1238458674
1239851174
1239935393
1240113487
1240167831
1240371737
1240516299
1240600081
1240633737
1240665674
1240683174
1240737393
1240751799
1240775362
1240817956
1240834862
1240878362
1240903081
1240917299
1240941549
1240954612
1240971768
1241015206
1241024549
1241077081
1241087549
1241128799
1241172081
1241187237
1241202768
1241241862
1241254081
1241263581
1241369206
1241386112
1241406831
1241432831
1241449268
1241459643
1241482018
1241503424
1241518799
1241561612
1241573049
1241590737
1241604393
1241696237
1241734893
1241768862
1241805956
1241890643
1241981549
1242047206
1242061924
1242707549
1242944924
1243054768
1243066893
1243206706
1243239924
1243307456
1243410237
1243486081
1243585924
1243816706
1243921143
1244036268
1244072143
1244167268
1244225643
1244359643
1244460362
1244492768
1244656299
1244675174
1244727987
1244759518
1244811268
1244872268
1244886643
1244942112
1244950612
1244961706
1244990237
1245059737
1245123143
1245336331
1245389924
1245472518
1245656143
1246021268
1246299956
1246345987
1246438862
1246619549
1246664206
1246821706
1246851956
1247127049
1247182987
1247223487
1247253581
1247287362
1247344831
1247358612
1247376393
1247398049
1247408362
1247417362
1247544456
1247640112
1247685362
1247779831
1248219362
1248363049
1248468674
1248543581
1248584581
1248658581
1248728174
1303220643
1303462799
1303607862
1303764331
1303842299
1303977612
1304291206
1304363424
1304423643
1304478987
1304616268
1304724924
1304846331
1305076831
1305187424
1305220612
1305380956
1305397893
1305499362
1305537987
1305622362
1305683768
1305834081
1306043424
1306103487
1306167987
1306252268
1306338799
1308095518
1308308643
1308509237
1308593081
1308803081
1308943424
1308971581
1309015456
1309218143
1309397518
1309480424
1309558893
1309664643
1309812737
1309855143
1310001674
1310179768
1310281581
1310369237
1310482706
1310532956
1310590487
1310651831
1310695581
1310819206
1310860737
1310976643
1311003331
1311109768
1311254206
1311307831
1311510268
1311598268
1311637956
1311653831
1311666018
1311701206
1311796518
1311840581
1311960393
1312141643
1312153799
1312182299
1312199018
1312229268
1312245049
1312254456
1312289549
1312352799
1312388487
1312403206
1312511549
1312607956
1312675893
1312731612
1312784206
1313621893
1313956768
1314056143
1314365862
1315926924
1316033831
1316180049
1316215674
1316323862
1316451831
1316590299
1316747112
1316825737
1318665456
1318902893
1319695112
1319773518
1319902174
1320048143
1320662799
1322889768
1323095737
1325554237
1325808862
1325937518
1332753299
1333084768
1345057831
1355735893
1355747831
1355916518
1355943862
1356455424
1356642487
1356716643
1359922581
1360048081
1360131081
1360150924
1360246206
1360286612
1360324393
1360333799
1360363737
1360403049
1360414081
1360503081
1360517049
1360526581
1360617487
1360626393
1360687487
1360750206
1360842581
1360973924
1361060112
1361093362
1361149549
1361253862
1361309924
1361428487
1361510831
1361575893
1361693018
1361785487
1361825674
1361840549
1361916487
1362052643
1362104987
1362119237
1362142581
1362205987
1362232393
1362260393
1362282924
1362320456
1362366331
1362426674
1362470862
1362600674
1362652424
1362704674
1362729237
1362779831
1362793049
1362821924
1362833862
1362846924
1362875049
1362893581
1362908893
1362937643
1362950799
1362987768
1362997456
1363064268
1363082737
1363174299
1363193862
1363306581
1363408487
1363552112
1363735393
1363813424
1363900581
1364134206
1364235487
1364329518
1364441612
1364967674
1365082424
1365110081
1365150487
1365171456
1365235424
1365284362
1365310518
1365332081
1365360362
1365403831
1365434487
1365487893
1365503112
1365522924
1365545018
1365552956
1365584393
1365633049
1365645143
1365672987
1365688206
1365701018
1365713424
1365734018
1365756268
1365781174
1369292487
1369333424
1369401581
1369570674
1369614081
1369632268
1369666143
1369680081
1369690831
1369794924
1369883393
1369970862
1370212831
1370226893
1370262612
1370311049
1370359081
1370438799
1370445956
1370529831
1370537643
1370552456
1370564706
1370584737
1370620268
1370637612
1370649456
1370695268
1370768424
1370789424
1370801456
1370898612
1370909581
1370922581
1370985518
1370994612
1371005893
1371028518
1371049456
1371065237
1371083924
1371099737
1371111581
1371181518
1371215987
1371253737
1371276518
1371292331
1371347706
1371582893
1371692549
1371868799
1372106612
1372457081
1372675206
1372721299
1372733893
1372780956
1372816018
1372830487
1372898018
1372909518
1372962206
1373022081
1373074299
1373146393
1374536674
1374549206
1374662049
1374747518
1374884268
1374927924
1374945018
1374973831
1375009237
1375025987
1375034612
1375063112
1375103924
1375148456
1375163518
1375177393
1375193331
1375302862
1375375174
1375424893
1375668049
1375749706
1375947768
1376334018
1376625331
1377027393
1377611018
1377979331
1378083799
1378775612
1378957018
1379094112
1379202831
1385786174
1385831831
1385955174
1385974549
1385989206
1386006018
1386027081
1386049581
1386063049
1386083112
1386103799
1386146299
1386173456
1386191518
1386212206
1386272362
1386515112
1386891862
1386940799
1386990393
1387004799
1387076674
1387236674
1387253799
1387270081
1387286487
1387369393
1387418299
1387435549
1387442674
1387495018
1387861487
1388095081
1388153018
1388188987
1388254581
1388370143
1388393612
1388424362
1388461706
1388583206
1388619799
1388687581
1388739487
1388816862
1388863299
1388942393
1389120706
1389143237
1390705487
1486021206
1486038612
1486124581
1486171612
1486255612
1486273143
1486364956
1486376299
1486391518
1486421674
1486458174
1486467174
1486479362
1486492049
1486531237
1486559393
1486571518
1486593956
1486627331
1486681768
1486717674
1486727143
1486753799
1486793049
1486806706
1486840737
1486864268
1486906174
1486928643
1486945393
1486994174
1487006018
1487032393
1487043143
1487083924
1487107924
1487127018
1487149081
1487169424
1487215549
1487229799
1487324674
1487362893
1487451612
1487540549
1487591206
1487670487
1487719893
1487975768
1529321018
1529424174
1529515424
1534090924
1534128549
1534136424
1534160862
1534220799
1534256987
1534283393
1534358081
1534374456
1534405831
1534420581
1534476956
1534514706
1534558737
1534585174
1534602268
1534617331
1534631737
1534645018
1534702799
1534764612
1534775674
1534792737
1534807924
1534841987
1534879237
1534973299
1534996487
1535022518
1535043862
1535185893
1535245549
1535298299
1535347518
1535367174
1535425424
1535481456
1535530018
1535559456
1535641268
1535762018
1535807331
1535881612
1535922893
1535947081
1536019237
1536091456
1536114737
1536183924
1536408237
1536689393
1537469706
1537584112
1541713362
1543085018
1543150487
1543390174
1543497674
1543533987
1543591549
1543709549
1543783424
1543820393
1543906549
1543925393
1543964737
1544004018
1544118206
1544190049
1544302549
1544401862
1544496081
1544638018
1544719049
1544789268
1545109518
1552644706
1552711299
1552833549
1552873737
1552909456
1552920424
1553006831
1553045456
1553075706
1553119081
1553154487
1553184643
1553227581
1553248549
1553263174
1553295143
1553303206
1553337487
1553423924
1553456018
1553471549
1553479768
1553535049
1553607487
1553657549
1553683893
1553715049
1553764549
1553793299
1553811518
1553831049
1553875893
1553894518
1553907237
1553941143
1553980612
1553990049
1554018549
1554032956
1554042393
1554058831
1554123924
1554139956
1554153643
1554166518
1554180081
1554211799
1554236674
1554252143
1554291581
1554319299
1554373081
1554387456
1554433893
1554450737
1554494487
1554519987
1554555331
1554641331
1554883112
1557897862
1558137643
1559273612
1559319237
