259810241
259836460
259878897
259930585
259978928
260009866
260139928
260183710
260226991
260263803
260359428
260440147
260491647
260504897
260542397
260589678
260629460
260652710
260686928
260733866
260910960
260952866
260983460
261082803
261171085
261205210
261238553
261289210
261337678
261398803
261433741
261510647
261557866
261657335
261720522
262032741
262087741
262124585
262164647
262189022
262253272
262292960
262307585
262338147
262352710
262420397
274397022
274425897
274432647
274445553
274476897
274525022
274575428
274586053
274615928
274634491
274655272
274663647
274710772
274748210
274762210
274778897
274822147
274873085
274891460
274907210
274928553
274938835
274974928
274997647
275108397
275152085
275177178
275195616
275244991
275270428
275287803
275301772
275308303
275352647
275368710
275378210
275384178
275398928
275438553
275495647
275526022
275539460
275590897
275606460
275635803
275647710
275691147
275707303
275726460
275747803
275755116
275764803
275781897
275791710
275798710
275811241
275817647
275848085
275861335
275904928
275948585
275960397
275988960
276022866
276033616
276062022
276093772
276104460
276118803
276145491
276290960
276318991
276350366
276372835
276459866
276493585
276511397
276528960
276536522
276561991
276606960
276665210
276721303
276754022
276779585
276811866
276818678
276888397
276903303
276912897
276954460
277007022
277044335
277108710
277118803
277141022
277173897
277189022
277230241
277260210
277283116
277299116
277339647
277352241
277390210
277440960
277472866
277495241
277546866
277592803
294708116
294850741
294972303
295011428
295108335
295154585
295193210
295247272
295312960
295349147
295398647
302217022
306784897
306802678
306844772
306885335
306908303
306950022
306981866
306999741
307032772
307064553
307111897
307155085
307201022
307226178
307250116
307281272
307332272
307354553
307377272
307417428
307497241
307540428
307559553
307617460
307637991
307676460
307695147
307728647
307742272
307772553
307781585
307789616
307812210
307832991
307843897
307872522
307883522
307911553
307925116
307962678
307975710
307987741
307997210
308013710
308048491
308068147
308085522
308095116
308113053
308148553
308259241
308299147
308319491
308343147
308383960
308393116
308428897
308458835
308482710
308510335
308537428
308551647
308591616
308611460
308625178
308646335
308655647
308668491
308695960
308736241
308757928
308775241
308813428
308831116
308865741
308875491
308920397
308954741
308995147
309016960
309052303
309060835
309084741
309129241
309161022
309216803
309272585
317135022
317156553
317165116
317170647
317187928
317193991
317205616
317235585
317248241
317264928
317278428
317286491
317301116
317358335
317379803
317447303
323573491
323670366
323686678
323716960
323724210
323746772
323761803
323788710
323815741
323846022
323866835
323875647
323884647
323899085
323910335
323965522
323972585
323993116
324011178
324031647
324095928
324138866
324182678
324230553
324290835
324315866
324337897
324351710
324377460
324400897
324438178
324466585
324487241
324501866
324513428
324549991
324613397
324672585
324697991
324730178
324763178
324818303
324843085
324876960
324885897
324903803
324912272
324930335
324958522
324998616
325024678
325033866
325045428
325080866
325088928
325096272
325101460
325136366
325163397
325194616
325209053
325234741
325259303
325313053
325344428
325396991
325415928
325434116
325454647
325468085
325494522
325531616
325563616
325585616
325604303
325636241
325715678
325743991
325773366
325807710
325880460
325908835
325936116
325991866
326021616
326041803
326062303
326090397
326106491
326133647
326146522
326159178
326181522
326194772
326210335
326217553
326227522
326237553
326255866
326281116
326340772
326350366
326372585
326402678
326415272
326432022
326463241
326483897
326506928
326533053
326585116
326601553
326612991
326620616
326769960
326835835
326949085
327006928
327073335
327267210
327291772
327325085
327384772
327554835
327612616
328572803
328596303
328618741
328635335
328659303
328667710
328676553
328693085
328746928
328774460
328788678
328825741
328840147
328880928
363351772
363547303
363685428
363756397
363804335
363846460
363947803
363990928
364029741
364076491
394162022
394185835
394202303
394207366
394260897
394276616
394298085
394356428
394368491
394378585
394389303
394398085
394425397
394445741
394457303
394466835
394477241
394486178
394494616
394499710
394511147
394535460
394544960
394553428
394565272
394578397
394609522
394662397
394688772
394704553
394723147
394739991
394747116
394771678
394787366
394824585
394838928
394853553
394860647
394881428
394922428
394943553
394976210
395015491
395031553
395057335
395080835
395091272
395096460
395104147
395119210
395129553
395137803
395143960
395151741
395202053
395236803
395311303
395388897
395497397
395696022
395755085
395812866
395845147
395874928
395898991
395932772
395989866
396024085
396033178
396056428
396075835
396098366
396118928
396159460
396206772
396232710
400534241
405488553
405758366
406770710
406824772
406859866
406905303
406969616
406994366
407007710
407029241
407048741
407055178
407080303
407094585
407109210
407125053
408226085
408276460
408329397
408338928
408349147
408365022
408370616
408379428
408399178
408406678
408428647
408433397
408441960
408448178
408455522
408461897
408519366
408531928
408555053
408576866
408594428
408600397
408618178
408657491
408675585
408702741
408723772
408731678
408741053
408767303
408784772
408801553
408814053
408826022
408838116
408872897
408888241
408896460
408919553
408925085
408987491
409000366
409010522
409044241
409065866
409118053
409127772
409349241
409422678
409466553
409599741
409689585
409725678
409852210
409948803
409993553
410020366
419219803
421349553
421466928
429724897
429804741
429889460
429996991
430104085
430138085
430187522
430239397
430361085
430945272
431192866
431436678
431500960
431518585
431563272
431625585
431647241
431679210
431699022
431722241
431732678
431750147
431789772
431814366
431821428
431838928
431873210
431877772
431905397
431951022
431969272
431988022
432004397
432018960
432038897
432063116
432124928
432174241
432189460
432219178
432256866
432280522
432300210
432331335
432375866
432409803
432427678
432437210
432451241
432481210
432527772
432605616
432628616
432665897
432706147
432783585
432938272
433077491
433294241
433386366
433430866
433491460
435927022
436033335
436070616
436156491
436211210
437285147
437334178
437388522
437447178
445427460
445440678
445486178
445538272
445590991
445623553
445639897
445646835
445686335
445722116
445753772
445871491
445906303
445941428
445986522
446032741
446056678
446076303
446092397
446138803
446183366
446211960
446263928
446311710
446351428
446412085
446491741
446630960
446647741
446660678
446677928
446695553
446700553
446709178
446750241
446762178
446787616
446805585
446817741
446860772
446901178
450129616
450144991
450175085
450202866
450244835
450270147
450277272
450294241
450326710
450339647
450366147
450402178
450423678
450430835
450454428
450472522
450512366
450575928
450606460
450625241
450669241
450689772
450701241
450784803
450833241
450856585
450871928
450908491
450941866
456339366
469499741
469605147
469683803
469766053
469923866
470077616
470100553
470150522
470370397
470581116
470629835
470729960
483980147
484295616
484518616
486099647
486152866
486196522
486233585
486253616
486262585
486282585
486343522
486349803
486377116
486408397
486464835
486514366
486553053
486577116
486621428
486642928
486662991
486674616
486692460
486748460
486767710
486773553
486793241
486820053
486835710
486843210
486872772
486878710
486924803
487163022
487786741
487932647
489446897
489480803
489525741
489543335
489564210
489616928
489629803
489641710
489649741
489660053
489673428
489682241
489707585
489719335
489741397
489756585
489765741
489990710
490029960
490058241
490099210
490217803
490239303
490292991
490321897
490366928
491146897
491170116
491177616
491191053
491208647
491225866
491234491
491245710
491254772
491259741
491273741
491295741
491327491
491336210
491346147
491355147
491362241
491372616
491409928
491429741
491451647
491465928
491482147
491488928
491501178
491509741
491540710
491547522
491559803
491587710
491602741
491622053
491662835
491681585
491694210
491718647
491731178
491736053
491753866
491761616
491775303
491785866
491798897
491814178
491826303
491833085
491854335
491871991
491879460
491892116
491906491
491931335
491968053
492503085
492518428
492529585
492552553
492556210
492568522
492574928
492598303
492604522
492621210
492630397
492646897
492653272
492661397
492678585
492686616
492700210
492712210
492723710
492732147
492739522
492749803
492760147
492765335
492782866
499303647
499541147
506709303
506828022
506912835
507089585
507144616
507265835
507439772
507518491
507532053
507591585
507624522
507666522
507700241
507722960
507743803
507760772
507770803
507817928
507846491
507876710
507891897
507948710
507970678
507988366
508047585
508063803
508120835
508157397
508198147
508237022
508271991
508282241
508308147
508327772
508350803
508399772
508420553
518270210
518499928
518983835
519005428
519029147
519048678
519111366
519142960
519159647
519172241
519181616
519192835
519205522
519214991
519234585
519260460
519277678
519290460
519303553
519340085
519356897
519367803
519403241
519487147
519504053
519519897
519562991
519584710
519613803
519621210
519650991
519666616
519673366
519779178
519801022
519814460
519821928
519835553
519879585
519899366
519940647
520004835
520028022
520057803
520108178
520124178
520131053
520278741
520471866
523685116
523750147
523845616
523912303
524013522
524072397
524084772
524114741
524163960
524215928
524235241
524273335
524301803
524330053
524407303
533746710
533990491
534030272
534314241
540491210
540559647
540609741
540630053
540663022
540738397
540751085
540798835
540853553
540861585
540875553
540900772
540924053
540964928
540993491
541063053
541091835
541119147
541135303
541208241
541250272
541310710
541430928
541474491
549660835
551018585
551066741
551152053
551240960
551324647
551383241
551447928
551529835
551565053
551708428
551777210
551862366
551932897
552005022
552069772
552114553
552215428
552286178
552341835
552402647
558374866
558414960
558470522
558572710
558656460
558692772
558713272
558743678
558821366
558834928
558866428
558894803
558920553
558970491
559001678
559024053
559078553
559094147
559121366
559145210
559163272
559180928
559194460
559218710
559237835
559271616
559302241
559311897
559357928
559375116
559390366
559399366
559405553
559438928
559457116
559466585
559493866
559504741
559513960
559526147
559537897
559566366
559621397
559631303
559648835
559658147
559671866
559680710
559688616
559719553
559739803
559749335
559776147
559803210
559844585
559854710
559872835
559892303
559903772
559920803
559932585
559943835
559959022
559980491
559993491
560007116
560014335
560046928
560061710
560077303
560110085
560119772
560141866
560152960
560159053
560171647
560179585
560187210
560195616
560217210
560222428
560228835
560246022
560254335
560260991
560276522
560292960
560300272
560307053
593172710
593432960
593503772
593545585
593591491
593644616
593695991
593739803
593782303
593819053
593849803
593891303
593931303
593948928
594007522
594038585
594057366
594080647
594108147
594150460
594167085
594248178
594287741
594313397
594438241
594507585
594541210
594566772
594624460
594717647
594794585
595095991
595168335
595208210
595224397
595261678
595287241
595312678
595344835
595360147
595381460
595386991
595403741
595425710
595434147
595441960
595452678
595460553
595472585
595500428
595520741
595545678
595562335
595578710
595585147
595666335
608859428
609351522
609495803
610162116
610183866
610200522
610208335
610215053
610229178
610241022
610261241
610267741
610274022
610293178
610300085
610311741
610345710
610363928
610372272
610394928
610411772
610431460
610472803
610498272
610513991
610547491
610557116
610593647
610697178
610741397
610778147
610806710
610896428
610991585
611452210
611502178
611607585
611661772
611703991
611729616
611747210
611775835
611803866
611831303
611852210
611879366
611900772
611958897
611977616
612014991
612051991
612090178
612133866
612221366
612256522
612358553
634345272
637145710
638061272
638104210
638138522
638164585
638181428
638221335
638274335
638302772
638379022
638990272
639116272
639172085
639296522
654671647
657862616
677979210
678098835
678728897
678797022
678930928
679260585
679412085
679544272
679732491
680605397
680639522
680702803
680773835
680844928
680871147
680912022
680936803
680944147
680967647
680988522
681007491
681042803
681057741
681074366
681090303
681134085
681166772
681189460
681213022
681226303
681249303
681279428
681292647
681328241
681357741
681375491
681404678
681419960
681431803
681443866
681480678
681507116
681521241
681573647
681604178
681609928
681628741
681660210
681682053
681728428
681741272
681757460
681800116
681815428
681841928
681860710
681906491
681964178
681974678
681998772
682048803
682100803
682146366
682178928
682239303
682363022
682453803
682545303
682579241
682615303
682633022
682738272
682756303
682796491
682814303
682847991
691377585
691437022
691654772
691946147
692168803
692229491
692531585
692695928
692829897
693030053
693054116
693119647
693143585
693203522
693247303
693286241
693324835
693349116
693369928
693398585
693445085
693483460
693509116
693543585
693616897
693686585
693746085
693783210
693816022
693824803
693899428
693930428
693975085
696145460
696157491
696185835
696199178
696240085
696257835
696286585
696292678
696296741
696345241
696355241
696364366
696393960
696400866
696416772
696445116
696484210
696503366
696532210
696551741
696576522
696599772
696659897
696683647
701831803
701891491
702039272
702115022
702242553
702353803
702511491
702557960
707660303
707701678
707710991
707720210
707745678
707771866
707780241
707788178
707815803
707832397
707838210
707851647
707876397
707883053
707891491
707895397
707907366
707916522
707925210
707943585
707962678
707985772
708000241
708008960
708014678
708035085
708042710
708048866
708081053
708094428
708099210
708110085
708143585
708165428
708178147
708219241
708231553
708240178
708260866
708282428
708290460
708298241
708320710
708341678
708350178
708385928
708426772
708471022
708500397
708619960
708740553
709850335
709873366
709894147
709925210
709944803
709966272
709980741
709986053
709992335
710016803
710024803
710043241
710058272
710066678
710079866
710099835
710107241
710118491
710123491
710148647
710174210
710187522
710205897
710221022
710245491
710254741
710275741
710291272
710337491
710356178
710377053
710401335
710421741
710475147
710496460
710512272
710528897
710551960
710569897
710620772
710642928
710672585
710692303
710754522
710791991
710825960
710833460
710900960
710927272
710987147
711021335
711076647
711094991
711156772
711193772
711217928
711235491
711260178
711286272
711299928
711327835
711368553
711487116
711509647
711534928
711589678
711622741
711639178
711661616
711695647
716066303
716110085
716152960
716175210
716185616
716212491
716283553
716289022
716301991
716310053
716317928
716328522
716341178
716397585
716429116
716461647
716473678
716508960
716522678
716556147
716569491
716589960
716620303
716640772
716661147
716687616
716736835
716755866
716790116
716817303
716878803
716890710
716909147
716928928
716976116
716993772
717012928
717023241
717031647
717059272
717096210
720556085
720602803
720649210
720745272
722390678
725082116
725668366
725720210
725816116
725901397
726223241
726242772
726261772
726279553
726298053
726336835
726357053
726365303
726391647
726412710
726473710
726488366
726505522
726549397
726561960
726572428
726598803
726608366
726615022
726629647
726672366
726705553
726739897
726748241
726765897
726780272
726822116
726841022
726851085
726899022
726923022
726958928
726965585
726978366
726992335
727001866
727015366
727028022
727050616
727056710
727068678
727132553
733775678
734037022
734143147
734282710
734575866
736124178
736225241
736598866
736680116
736962116
736988491
737039366
739218991
739235116
739279960
739297397
739414397
739471178
739596897
739676116
739835897
739855272
739868710
739974178
740007460
740087085
740156053
740239835
740261397
740996522
741104928
741167022
741228960
741313210
741361053
741465460
741531210
742393335
742429397
742467585
742510303
749302210
749380147
749543522
749896397
749952178
750010303
750064303
751411366
751433678
751439272
751454928
751477991
751491303
751496960
751517585
751524897
751535616
751550647
751559178
751591210
751597772
751606366
751612272
751624428
751631272
751642428
751663116
751673116
751686897
751694366
751708991
751715210
751724678
751730522
751755241
751760553
751769741
751775772
751784241
751800272
751806553
751820210
751854553
751876553
751887803
751912053
751924053
751942241
751949147
751977428
751991553
751998522
752015960
752025616
752035147
752047647
752065803
752072085
752093678
752105960
752122991
752138085
752147116
752158022
752187397
752236366
752241741
752290616
752299835
752325085
752337741
752344303
752362522
752385710
752399022
752416585
752470397
752483928
752503335
752565647
752607022
752651991
760075085
760108116
760174897
760203585
760219991
760236272
760291428
760316866
760353397
760379022
760387460
760400303
760418272
760426397
760434397
760445022
760459210
760477147
760495147
760523803
760556210
760578616
760590178
760606585
760627835
760643866
760669710
760681460
760696022
760718991
760755960
760798303
760814928
760832397
760844366
760866116
760882460
760900522
760915491
760923335
760934585
760953272
760974866
760988928
761000147
761009116
761103835
761113053
761124303
761134585
761150428
761170428
761185147
761207116
761251491
761264178
761277428
761288928
761351803
761366741
761383647
761394303
761461585
761468178
761483897
761508960
761524616
761534803
761551897
761608835
761627803
761671303
761687335
764893210
776289397
776318491
776397397
776424147
776493303
776527460
776568897
776666116
776724335
776834241
776917616
777047741
777071553
777220835
777277428
777307460
777498522
777600585
777638835
777699460
777808616
777841741
777900085
777946741
777966303
778062335
778084741
778125241
778173897
778189241
778226428
778246522
778289272
778306616
778391366
778439366
778452835
778484741
806953991
806978897
806991210
807070366
807094928
807132897
807184366
814667678
814795428
814855678
814998897
815162772
815421960
815442897
815641678
815725428
815900772
816033710
816472085
816526116
830665397
830788085
830830647
830881335
830936460
830965616
830999053
831049960
831080241
831116678
831146053
831169428
831271928
831336585
831990741
835110335
835242647
835348366
835488710
835562928
835730085
836523460
836538116
836563522
836597147
836607303
836633960
836667835
836677241
836714803
836730085
836771522
836786116
836826366
836837960
836862835
837320460
846448210
846493428
846544928
846587460
846613897
846656397
846761241
846822522
846909803
847137241
847248678
851076366
851118397
851153522
851177210
851209647
851242460
851331616
851339147
851365491
851375022
851394116
851429397
852361335
854660085
855732647
855751522
855797053
855837710
855865835
855882866
855921678
855940178
855964616
856012803
856031210
856047116
856115710
856163835
856202928
856251272
856303678
856969147
857052991
857125960
857205085
857240366
857315022
857386397
857495116
857653678
857719585
858350991
858621678
858663022
858671897
858692460
858723866
858737022
858776991
858837678
858850491
858885491
858915678
858940991
858962116
859003991
859031178
859098678
859155210
859172991
859190241
859245647
859327960
859393678
859466616
859548616
859591085
859656460
860816491
861477647
861488147
861496116
861518897
861541522
861553772
861562428
861608772
861617772
861622210
861631553
861636491
861644147
861651491
861671022
861676897
861687272
861698053
861711866
861721366
861730585
861736960
861750053
861775397
861808085
861818803
861832397
861857897
861869585
861875210
861881772
861890241
861900866
861909053
861915022
861923553
861930366
861941522
861954772
861973085
861982428
861996303
862005772
862022585
862032866
862050835
862060897
862071491
862081741
862114741
862133022
862149428
862156991
862165710
862187335
862193897
862200647
862240866
862256022
862268991
862279491
862298741
862312835
862349085
862368866
862401585
862416522
862429147
862436928
862457866
862468866
862481741
862505178
862519647
862539085
862551210
862578897
862592022
862608428
862616335
862636835
862670241
862685522
862710397
862722522
862737178
862749803
862765928
862770772
862789303
862795897
862802491
862825616
862843522
862873241
862878866
862900960
893781991
893877866
893954866
894099491
894279491
894398241
894420710
894474835
894578241
894695522
894785803
894902428
894960741
894989585
895016772
895068585
895233928
895340022
895610272
895692428
895751710
895798553
897045991
897146522
897241553
897451741
897588428
897684116
897733241
897805897
897870116
898100803
898214272
898242835
898284303
898307178
898346241
899081616
899119116
899247897
905425803
905447178
905459647
905480241
905499897
905512835
905528241
905563178
905624053
905663428
905719866
905826022
906187553
906286022
906394616
906815803
906845772
906888397
906909210
906944397
906986022
907009772
907040491
907056835
907082897
907151710
907185178
907207928
907217522
907258741
907301178
907335585
907401928
907456303
907491272
907551022
907579178
909436678
909541522
909571397
909584991
909591616
909595928
909621428
909634178
909643460
909654397
909659835
909671210
909677553
909690022
909704835
927525116
927536397
927550866
927566647
927597553
927605335
927624397
927635366
927645210
927650928
927670272
927675553
927690491
927702366
927718085
927728272
927749303
927760147
927768647
927791647
927799116
927817491
927827585
927851678
927863178
927874991
927880710
927900303
927916460
927948772
927957116
927964803
928001053
928023928
928037272
928047116
928068991
928080241
928093553
928110678
928131085
928146522
928171491
928224647
928292335
928307241
928315303
928358616
928383366
928393147
928410991
928422335
928435616
928463741
928477272
928487678
928514897
928522272
928536710
928544210
928608241
928628397
928640866
928654991
928664616
928683616
928704960
928719116
928740585
928744803
928755272
928790241
928806710
928844928
928880116
928895928
929000522
931612710
931755210
931807335
931820928
931829147
931843585
931859397
931896710
931912147
931935553
931944397
931959585
931966210
931987460
932033491
932040835
932072960
932150272
932167116
932191960
932213491
932233553
932245460
932282397
932343553
932370428
932386116
932413272
932462928
932472491
932560928
934428522
934512460
938843272
938972835
938987147
939012085
939026428
939045491
939054710
939062303
939111053
939139897
939165803
939176022
939252210
939264710
939292147
939360116
939405053
939470553
939497210
939541616
939599928
939637022
939678710
939789928
939824647
939877553
939908710
939971616
940006960
940071835
940771647
940814272
940897491
941030491
941106460
941175147
941224647
941379335
941424585
943081022
943106553
943155085
943178991
943192303
943196803
943207772
943223522
943253678
943280053
943310866
943359897
943374741
943397085
943411428
943419835
943425053
943433178
943449803
943466553
943475710
943492960
943510616
943525147
943531803
943541522
943550272
943570585
943588335
943600991
943637522
943649335
943654741
943685866
943713178
943755335
943774553
943781303
943791491
943797553
943810960
943817022
943823178
943848366
943862303
943876460
943936460
943954897
944077178
944321147
944359147
944399710
944442803
944503835
944541210
944597178
944610585
944635616
944644397
944649522
944688241
944730085
944737460
944756585
944767397
944811897
944836835
944853772
944876428
944901585
944920022
944925647
944956397
944963491
944973366
945007522
945037960
945063616
945072710
945089866
945105053
945116585
945143866
945152741
945176772
945198928
945221210
945253241
945292210
945318022
945336460
945359210
945370897
945401147
945436491
945475710
945485553
945513053
945543022
945621491
945649460
945659460
945679491
945702335
945722616
945730272
945735522
945745772
945778522
945821866
945875428
945925897
946834366
946859522
946868647
946889491
946938053
946963553
946971960
947007866
947026428
947044835
947075397
947092710
947105085
947152553
947174772
947198272
947204116
947209553
947223647
947235647
947258928
947268397
947276928
947306991
947333178
947359553
947369272
947374866
947408522
947466460
947494210
947529772
947553178
947566585
947602491
947632991
947675022
959043491
959279772
959312960
959383928
968958397
969032460
969060210
969102303
969126303
969180616
969231397
969279553
971846647
971986741
972299241
972527835
973217553
973246616
973262335
973268897
978972491
979006397
979053553
979100647
979143178
979189647
980049053
981492085
981512897
981527272
981563741
981589647
981617553
981641647
981660053
986748022
986783085
986888772
986925022
988628116
988671428
988699116
988726335
988776272
988844085
988923460
988974241
989026772
993340272
993379616
993475116
993498835
993563866
994334366
994430022
994489772
994516116
994539522
994584491
994606085
994757303
995723616
995853522
995924991
995961116
996018397
996039928
996082710
996145553
996168460
996223991
996278710
996291522
996301460
996315022
996347772
996366522
996379178
996385053
996392053
996400960
996416866
996439178
996458335
996484960
996490616
996513647
996537116
996555928
996562428
996577022
996590241
996597053
996602991
996612991
996621803
996629366
996646741
996656866
996914866
997009928
997254116
997316616
997363335
999280397
1001542897
1001570116
1001583460
1001662678
1001674678
1001687991
1001695772
1001707710
1001769835
1001793335
1001811085
1001855272
1001910803
1001969366
1002002085
1002022303
1002072335
1002095553
1002121335
1002134897
1002154960
1002207553
1002215928
1002258428
1002290585
1002298616
1002329803
1002352960
1002372491
1002385960
1002405178
1002432647
1002460335
1002485491
1002546022
1002578460
1002605303
1002624897
1002645741
1002666053
1002684585
1002716585
1002733835
1002745616
1002785397
1002896022
1002967522
1002987460
1003010647
1003064835
1003082022
1003140897
1003161678
1003182491
1003240991
1003267147
1003323116
1003366991
1003406178
1003439428
1003503553
1003538772
1003591991
1003639428
1003662397
1003685303
1003700772
1003753428
1003772397
1003817741
1003908178
1004050803
1004087460
1006470460
1006486960
1006552460
1006560553
1006585710
1006613647
1006649741
1006694897
1006758303
1006789772
1006827428
1006847710
1006887585
1006910772
1006951522
1007022928
1007121147
1007182522
1007248116
1007333835
1010527303
1011024397
1011523647
1014257960
1014321272
1014797178
1014887928
1015057897
1015985866
1016193803
1016376397
1016473553
1016845053
1016978741
1023375460
1023577116
1023602616
1023618335
1023678460
1023705678
1023727022
1023897460
1023975272
1024035397
1024072397
1024112460
1024197428
1024252147
1024799147
1033611397
1033698991
1034788803
1038654741
1038681772
1038713460
1038721928
1038728803
1038764928
1038772241
1038796210
1038811022
1038825397
1038844710
1038872522
1038889085
1038914866
1038939303
1038968491
1038995491
1039018741
1039045835
1039063616
1039119835
1039141616
1039193803
1039212897
1039285116
1039469647
1039539116
1039578335
1039604366
1039625647
1039665803
1039677241
1039687553
1039698397
1039706866
1039715491
1041372678
1041385272
1041405335
1041428647
1041506960
1043541585
1043595147
1043635803
1043744022
1043837772
1043849491
1043869772
1043889397
1043909553
1043968897
1043978460
1044002803
1044014053
1044058678
1044101460
1044110991
1044229303
1044251053
1044266397
1044294491
1044317522
1044379147
1044448616
1044500991
1044550741
1044577866
1044606366
1044635335
1044718303
1044740710
1044790803
1044823303
1044887241
1044934303
1044964178
1044990585
1045011335
1045045522
1045068678
1045097366
1045139397
1045158428
1045184428
1045214303
1045221397
1045227178
1045235741
1045256428
1045267147
1045277991
1045292803
1045303585
1045334085
1045355678
1045376710
1045400178
1045444210
1045567803
1053080272
1053652897
1053841741
1054118803
1054165428
1054202991
1054291022
1055378522
1055425866
1055555491
1055595397
1055622897
1055650178
1055711053
1055789022
1055821491
1055857241
1055889116
1055903460
1055977366
1056024772
1056070678
1056165678
1056282022
1056363428
1056383053
1056462022
1056539991
1056574366
1056635210
1056723085
1056777147
1056830647
1056886053
1056982241
1057037491
1057156272
1057242022
1057268678
1057388866
1057472335
1057538710
1057588428
1057660866
1057714085
1057882053
1057997147
1058142960
1058199647
1058246741
1058287522
1058373147
1058480210
1058513178
1058555147
1058612491
1058668803
1058700835
1058764897
1058876616
1058924241
1058981585
1059036991
1059065553
1059125428
1059197585
1059260210
1059324710
1059436553
1059501397
1059749960
1059972866
1060167053
1060256616
1060345210
1060457366
1060560553
1060694147
1060716991
1060744553
1060869553
1060949710
1061066960
1061152960
1061193616
1061235803
1061352428
1061410210
1061507741
1061601585
1061704241
1061849960
1061971522
1062076991
1062159553
1062206991
1062293491
1062461553
1062552960
1062759022
1062815085
1062901147
1062989241
1063217710
1063358960
1063410491
1063444272
1063506178
1063560585
1063671678
1063748428
1063917116
1063966803
1064024553
1064080772
1064116147
1064229210
1064301522
1064336147
1064444085
1064478960
1064525991
1064586335
1064628272
1064639960
1064689522
1064709397
1064739241
1064753835
1064759616
1064784803
1064795585
1064804647
1064840866
1064877366
1064967397
1064998616
1065023053
1065036647
1065057585
1065086272
1065216585
1065282366
1065295678
1065311241
1065319928
1065359397
1065495397
1065514147
1065576085
1065699241
1065744897
1065888585
1065942866
1066124491
1066168960
1066266272
1073198210
1073326210
1073358178
1073383022
1073401866
1073440803
1073469928
1073498522
1073532866
1073558553
1073574928
1073583272
1073594303
1073607053
1073626772
1073636991
1073645522
1073667960
1073676366
1073711835
1073728272
1073758585
1073800835
1073815241
1073837147
1073880741
1073887585
1073904460
1073940397
1073958335
1073966960
1073987866
1073995772
1074022022
1074028272
1074042772
1074050460
1074064022
1074083303
1074089960
1074101178
1074106928
1074137335
1074143491
1074167522
1074177647
1074211460
1074222897
1074244022
1074282928
1074310803
1074317210
1074324991
1074344835
1074360178
1074370928
1074377428
1074397397
1074435303
1074500991
1074526303
1074533522
1074559491
1074587585
1074601585
1076351397
1076376303
1083071147
1083155116
1083178147
1084025928
1084245178
1084298178
1084337803
1084389053
1084405116
1084462960
1084501053
1084555460
1084613053
1084823647
1084847835
1085080772
1085204241
1085293991
1085403710
1085526460
1085729772
1086426835
1094330178
1094351710
1094726116
1094953397
1094983553
1095802428
1095877522
1096010178
1096167491
1096231303
1096246397
1096277991
1096331866
1096353741
1096424116
1096468678
1096482491
1096506647
1096540710
1096568928
1096592835
1096626616
1096730835
1096774991
1096807522
1096828960
1096851272
1096932710
1096967866
1097274366
1097333178
1097362022
1097420647
1097434147
1097445647
1097471647
1097500397
1097548522
1097565960
1097576928
1097613147
1097635647
1097670022
1097689741
1097725616
1097763835
1097801397
1097813397
1097827241
1097846647
1097863335
1097895460
1097922928
1097937960
1097963991
1097990803
1098004897
1098038272
1098055741
1098070522
1098080960
1098086835
1098100210
1098137991
1098152178
1098161147
1098193897
1098219585
1098232428
1098241928
1098262710
1098294178
1098311147
1098317960
1098336147
1098353022
1098368491
1098384022
1098440835
1098460241
1098493553
1098513772
1098541803
1098572553
1098616741
1098634178
1098656897
1098670741
1098686960
1098702335
1098708678
1098725803
1098752116
1098776803
1098788491
1098801491
1098819272
1098831522
1098840303
1098848116
1098863897
1098883616
1098891741
1098905678
1098910335
1098921272
1098950553
1098983928
1098996772
1099004866
1099032303
1099101241
1099127022
1099150022
1099167085
1099182553
1099206585
1099219522
1099227491
1099245647
1099253491
1099274522
1099288460
1099306960
1099314522
1099349210
1099388960
1099423991
1099470053
1099511460
1099550710
1099585741
1099607772
1099638491
1099699241
1099782241
1099798647
1099822210
1099861335
1099890022
1099916585
1099956710
1099982178
1100010522
1100027147
1100036866
1100050553
1100061928
1100066085
1100073522
1100110522
1100147991
1100179241
1100191428
1100210897
1100225710
1100246522
1100276553
1100284678
1100306085
1100349397
1100369085
1100377428
1100382397
1100388866
1100402397
1100456522
1100462960
1113038522
1113044678
1113052835
1113059491
1113084397
1113092741
1113110616
1113125960
1113138085
1113150553
1113156991
1113167085
1113185616
1113286178
1117681616
1117765491
1117816241
1117887085
1117974897
1118022616
1118059335
1118109303
1118183303
1118407147
1118449835
1118509928
1118545928
1118567616
1118637303
1118725991
1118784241
1118836647
1118866116
1118993147
1119025272
1119088303
1119131397
1119242585
1119360991
1119407678
1119514991
1119539616
1119578553
1123901960
1123960397
1124079678
1124101178
1124131085
1124165835
1124196491
1124221116
1124236866
1124294366
1124330272
1124346178
1124385991
1124397710
1124434647
1124484085
1124516428
1124541647
1124668397
1124683335
1124723866
1124771991
1124788397
1124795835
1124819960
1124856553
1124868897
1124883866
1124900335
1124941241
1124962303
1125007428
1125034522
1125042022
1125048772
1125055991
1125101460
1125124397
1125132710
1125143522
1125159022
1125167960
1125174335
1125196460
1125220147
1125242428
1125264397
1125273272
1125282678
1125289585
1125365085
1125470678
1125487397
1125552678
1125564991
1125590522
1125615460
1125629835
1125647303
1125660116
1125725022
1128132022
1128176835
1129794960
1133706866
1133867178
1133917585
1133985803
1134111928
1134152460
1134196303
1136871428
1137176835
1137288397
1137345085
1137390241
1137486553
1137502241
1140424053
1140766053
1140862897
1140895210
1141110272
1141292116
1141333335
1141357678
1141417397
1141453772
1141582491
1141619178
1141657585
1141740460
1141761960
1141798335
1141844616
1143151803
1143208241
1143222116
1143226772
1143234053
1143241053
1143259522
1143278522
1143292303
1143301678
1143308178
1143322960
1143367147
1143398178
1143424428
1143441460
1143451866
1143457616
1143465397
1143488616
1143494335
1143501553
1143555897
1143563897
1143580678
1143585491
1143591272
1143606553
1143625053
1143643678
1143649491
1143669272
1143685866
1143705491
1143714710
1143728772
1143738460
1143772085
1146351178
1146462053
1146561022
1146638210
1146658491
1146672866
1146691210
1146706366
1146754522
1146787491
1146839835
1146855553
1146867428
1146889991
1146901491
1146932397
1149311647
1149365210
1149393210
1149815678
1149837522
1149956553
1149988866
1150025085
1150164428
1150220991
1150263335
1150295397
1150356272
1150479928
1150571835
1150629616
1150726085
1150755210
1150847022
1150895616
1150977647
1150990741
1151010803
1151044741
1151142991
1151186241
1151203960
1151225178
1151245553
1152274460
1152969366
1155513491
1155587772
1155605553
1155673897
1155719022
1155773678
1155794178
1155838553
1155878678
1155988866
1156066928
1156135585
1156581803
1157706866
1157756366
1157811366
1157848616
1157887491
1157951553
1158015116
1158039085
1158081960
1158097397
1158202366
1158244741
1158300366
1158348460
1158400897
1158421272
1158626022
1159250460
1159289616
1159321960
1159357897
1159387272
1159409647
1159420460
1159434678
1159442022
1159453303
1159522647
1159538460
1159558085
1159594397
1159626710
1159668428
1159687366
1159699241
1159705991
1159720335
1159736272
1159747710
1159757335
1159775803
1159786522
1159805678
1159835741
1159883116
1164270147
1164407803
1164514647
1164614366
1164807991
1164889710
1164920710
1165271491
1165308241
1165318897
1165341491
1165353960
1165374303
1165391428
1165403210
1165427803
1165458241
1165497053
1165527085
1165568960
1165605241
1165653178
1165957616
1165968960
1165995928
1166014241
1166035366
1166062022
1166079553
1166093585
1166110678
1166132647
1166151022
1166168991
1166193835
1166220053
1166266210
1166305741
1166317678
1166324960
1166336085
1166378710
1166391772
1166399022
1166415210
1166436178
1166449616
1166475053
1166488147
1166499616
1166512241
1166530303
1166552741
1166560710
1166589928
1166635272
1166673147
1166696272
1166709991
1166750897
1166757991
1166823741
1166857147
1166885741
1166899022
1166923210
1166951022
1166969397
1166980710
1167001022
1167045803
1167062553
1167075397
1167089491
1167096835
1167117116
1167134647
1167163491
1167178585
1167196522
1167216991
1167240866
1167290085
1169711647
1169782085
1169816178
1169833116
1169869522
1169908053
1170001616
1170021303
1170050397
1170069897
1171193772
1171230772
1171344835
1171803772
1171839741
1172061772
1175651366
1175863491
1178209491
1178235803
1178291085
1178323147
1178359835
1178380116
1178406178
1178454491
1178476460
1178490210
1178512241
1178554960
1178589616
1178617960
1178629397
1178646335
1178665116
1178684835
1178701491
1178736991
1178741147
1178752585
1178761522
1178769272
1178789428
1178809522
1178837022
1178842428
1178850491
1178862803
1178875085
1178882553
1178887678
1178912553
1178924741
1178952991
1178981960
1178996397
1179059741
1179085678
1179103522
1179109210
1179118710
1179129741
1179150866
1184974991
1188853210
1190942678
1191165366
1191222085
1191259678
1191305210
1191404022
1191471991
1191525960
1191600241
1191649897
1191672335
1191783147
1191801710
1191917678
1191934085
1191951303
1191999991
1192132022
1192161491
1192171116
1192283928
1192358241
1192402835
1192528616
1192547272
1192604460
1192818803
1192858272
1192889647
1199946522
1200146678
1200191366
1200238803
1200480460
1200552803
1201409116
1201440553
1201454960
1201480616
1201490022
1201505303
1201558460
1201864335
1202024053
1202070835
1202121772
1202162210
1202178710
1202208928
1202235803
1202391210
1202438803
1202481491
1202498897
1202525116
1202590366
1202642460
1202691897
1202725835
1202775397
1202808116
1202875803
1202915710
1202954335
1213358928
1213366928
1213403116
1213411553
1213418960
1213423741
1213441303
1213455991
1213460022
1213471147
1213476428
1213482772
1213503866
1213518116
1218275647
1223185616
1223231803
1223303210
1223964147
1223980803
1223996772
1224025022
1224084647
1224177647
1224309991
1224356116
1224413585
1224452178
1224481678
1224541147
1224574428
1224596616
1224617803
1224689022
1224711522
1224729335
1224734022
1224772116
1224807053
1224826616
1224843741
1224997460
1225555210
1225627147
1225687335
1225751897
1225838303
1234380022
1234389116
1234412428
1234432522
1234443866
1234451335
1234470616
1234486866
1234519460
1234543272
1234577491
1234586835
1234593897
1234627710
1234636772
1234642647
1234656741
1234695710
1234704397
1234714835
1234722553
1234734210
1234766116
1234772085
1234782178
1234786085
1234828522
1234836428
1234844803
1234855803
1234887053
1234911553
1234922303
1234937085
1234950147
1235018210
1235033522
1235045647
1235058928
1235067803
1236618053
1236624741
1236631491
1236639397
1236648397
1236670772
1236685616
1236693647
1236718710
1236735835
1236748897
1236830428
1236840803
1236889460
1236918710
1236950147
1236978116
1236991616
1237011178
1237022428
1237043053
1237056960
1237065991
1237073335
1237083678
1237089616
1237100803
1237111178
1237125241
1237135022
1237148460
1237171366
1237182022
1237189553
1237194960
1237202460
1237214366
1237223272
1237256585
1237285335
1237297897
1237318147
1237331616
1237338460
1237343085
1237351241
1237365116
1237373053
1237409460
1237413460
1237438178
1237442741
1237449178
1237456366
1237470303
1237493085
1237519272
1237531741
1237564553
1237573585
1237583085
1237593710
1237691553
1237766335
1237821397
1237926772
1237946866
1237962991
1238004460
1238076428
1238158178
1238184303
1238275178
1238413241
1238438553
1238538303
1238636428
1238672553
1238695397
1238787772
1238806710
1238869553
1238906710
1238926178
1238958335
1239039803
1239081741
1239098241
1239116835
1239139960
1239147053
1239155366
1240354678
1240441428
1240448366
1240465272
1240513991
1240531178
1240557022
1240577116
1240628678
1240665210
1240683866
1240711053
1240755772
1240764116
1240770928
1240776460
1240792835
1240825085
1240843866
1240873335
1241252741
1241273085
1241292053
1241320460
1241347678
1241369335
1241386647
1241403366
1241417022
1241427085
1241471772
1241480335
1241503491
1241514460
1241525335
1241532428
1241551522
1241568053
1241592116
1241607272
1241622991
1241638585
1241660960
1241687897
1241739772
1241749460
1241846491
1241860428
1241881741
1242475335
1242503522
1242531741
1242549241
1242555678
1242569053
1242577866
1242599928
1242606772
1242616772
1242624272
1242630803
1242638553
1242704022
1242733022
1242774460
1242794022
1242813616
1242822335
1242841303
1242874335
1242905022
1242925928
1242959835
1242982710
1242989116
1242995303
1243003647
1243029835
1243043428
1243072553
1243083397
1243105960
1243118272
1243159585
1243196428
1243210428
1243222428
1243238960
1243565272
1243599522
1243608085
1243618022
1243627991
1243644210
1243655710
1243670991
1243687585
1243705272
1243709803
1243731741
1243737366
1243756022
1243769022
1243794678
1243801053
1243819897
1243829428
1243836022
1243852897
1243885460
1243899928
1243904866
1243920022
1243967741
1244002022
1244018585
1244051335
1244150085
1244164803
1244176022
1244184616
1244190335
1244233772
1244288835
1244303553
1244323960
1245060366
1245072678
1245109928
1245140710
1245183053
1245223991
1245242897
1245249553
1245320210
1245369335
1245395960
1245431241
1245442678
1245472866
1245494085
1245547647
1245623022
1245649803
1245670053
1245680803
1245706772
1245726460
1245751772
1245763835
1245787553
1245808678
1245842366
1245864022
1245895116
1245908116
1245929147
1245936272
1245950022
1245977741
1245998772
1246050085
1246074022
1246173678
1246206647
1246252210
1246281616
1246304272
1246343772
1246435397
1246465835
1246501428
1246539741
1246604491
1246763710
1246962241
1247128022
1247181178
1247255616
1247305960
1247353397
1247511241
1247543647
1247584616
1247642647
1247671241
1247684053
1247697741
1247747053
1247757897
1247778928
1247799616
1247842835
1247882960
1247897272
1247910053
1247913178
1248209428
1248264897
1248274585
1248312835
1248328210
1248347272
1248358022
1248384678
1248397897
1248406772
1248419147
1248440960
1248477960
1248488866
1248523303
1248529460
1248607366
1248623022
1248633616
1248717647
1248735397
1248746491
1248753928
1248771428
1248907491
1253255647
1253339772
1253438210
1253450991
1253470928
1253526460
1253544491
1253558647
1253570866
1253578116
1253615741
1253628616
1253659303
1253671741
1253678928
1253690241
1253700710
1253707803
1253784616
1253799772
1253825022
1253845303
1253862553
1253871022
1253899022
1253957303
1253992397
1254008366
1254095053
1254106210
1254126147
1254174835
1254200991
1255102991
1255149178
1255168991
1255221085
1255241553
1255279397
1255333991
1255363553
1255427272
1255469678
1255515616
1255533116
1255546147
1255571397
1255604928
1255613553
1255627303
1255693053
1255710835
1255765147
1255790491
1255815428
1255847647
1255910553
1255933303
1255955022
1255963022
1255979085
1256001272
1256034803
1256069053
1256073553
1256110022
1256118210
1256160397
1256205928
1256238647
1256297303
1256332116
1256362335
1256419647
1256463241
1256572897
1256596585
1256633491
1256714491
1256742522
1257098053
1257182085
1257325022
1257336241
1257351928
1257358178
1257368835
1257396803
1257407116
1257412428
1257469616
1257496741
1257518491
1257556678
1257579678
1257600460
1257612272
1257696960
1257731991
1257747491
1257765366
1257804460
1257852647
1257874460
1257888053
1257915428
1257925022
1257932897
1257938272
1257998178
1258504022
1265180866
1265247647
1266139491
1266164178
1266209397
1266223553
1266258210
1266267647
1266302803
1266359897
1266400491
1266462272
1266492397
1266631553
1266680522
1268343585
1268440960
1268453897
1268467710
1268487835
1268522772
1268548741
1268561866
1268570022
1268587116
1268598147
1268631460
1268640710
1268678241
1268689616
1268730335
1268785866
1268809835
1268823210
1268852491
1268888241
1268898928
1268922335
1268957116
1268969085
1268988835
1269056522
1269074960
1269100960
1270290210
1270326897
1270338585
1270344772
1270360178
1270663053
1270770803
1271022116
1273324835
1273347272
1273368772
1273393772
1273406335
1273413616
1273418553
1273424991
1273432991
1273446522
1273456397
1273464710
1273488772
1273508616
1273518741
1273524522
1273534053
1273544147
1273591272
1273606835
1273634272
1273660928
1273675303
1273789085
1276045022
1276057772
1276089991
1276187772
1276285053
1276463397
1276513960
1276574710
1276625428
1276650991
1276751991
1276772741
1276860678
1276894803
1276931272
1276987022
1277045428
1277082897
1277176835
1277192553
1277235460
1277296085
1277414585
1277671116
1277698178
1277724241
1277776772
1277800460
1277857710
1277902991
1277942022
1277974710
1278848460
1279016210
1279065710
1279090960
1279120366
1279130085
1280285210
1280391397
1280437647
1280518397
1280576460
1280649803
1280687772
1280715491
1280746553
1280853585
1280941022
1280962303
1280980772
1281013460
1281045460
1281063741
1281100835
1281119678
1281148053
1281176085
1281191335
1281245116
1281282210
1281313116
1281380741
1281436991
1281469585
1281542897
1281622522
1281694085
1281851147
1281947053
1281973428
1282012491
1282072835
1282098491
1282111428
1282150085
1282168647
1282178428
1282196147
1282209085
1282224428
1282234616
1282248835
1282289522
1282307460
1282322616
1282337272
1282425710
1282441741
1282451678
1282480678
1282500428
1282513553
1282560678
1282599460
1282630616
1282667147
1282695022
1282769241
1282802428
1283408491
1283421116
1283429678
1283459366
1283529647
1283566366
1283596210
1283646710
1283999147
1286305460
1287635053
1288023835
1288066491
1288184585
1288208835
1288222960
1288239678
1288246960
1288264116
1288285491
1288303022
1288313585
1288324803
1288358678
1288371772
1288395210
1288406960
1288425553
1288457647
1288490522
1288542335
1288559647
1288576585
1288593147
1288622491
1289258522
1296444147
1296683741
1296733491
1296812053
1296828553
1296850960
1296881085
1296922710
1296955647
1296982241
1296999553
1297026616
1297051710
1297112835
1297180960
1297229460
1297275116
1297285147
1297399460
1297447710
1297511772
1297609710
1298445710
1298480116
1298502178
1298547210
1298604647
1298672366
1298752397
1298782960
1299621022
1299654116
1299664616
1299678522
1299684553
1299712428
1299728585
1299737053
1299746178
1299786366
1299807053
1304510897
1308412585
1308517491
1308538366
1308716053
1308740272
1308774772
1308784741
1308806272
1308832866
1308863960
1308902085
1308914866
1308932335
1308944210
1308963460
1308987210
1308996335
1309020178
1309035585
1309066116
1309108460
1309131741
1309143835
1309153741
1309242835
1309266303
1309275616
1309293991
1309318335
1309336991
1309348366
1309363241
1311114616
1311118616
1311134553
1311161241
1311167147
1311181366
1311213053
1311243335
1311257428
1311296428
1311315835
1311338210
1311363803
1311408460
1311427366
1311445991
1311490960
1311508522
1311524897
1311546616
1311560866
1311602741
1311616366
1311653522
1311666303
1311739022
1311755772
1311792116
1311827397
1311847647
1311869710
1311882897
1311893772
1311935272
1311957460
1311971647
1312074647
1312096085
1312133616
1312171835
1312208428
1312231835
1312252178
1312281272
1312323928
1312336866
1312365928
1312389335
1312413991
1312429491
1312450491
1312466053
1312486366
1312508085
1312525272
1312582397
1312610241
1312643678
1312714210
1312743491
1312822772
1312873366
1313219272
1313243272
1313266053
1317705616
1317750741
1318169178
1318294053
1322954053
1323323491
1323402022
1323562272
1323656741
1323855303
1323871303
1325209803
1325355553
1325404960
1325472491
1325547178
1325586491
1325648116
1326114272
1326246178
1326308053
1326351428
1326476616
1326594460
1326679616
1326776397
1326865553
1326903897
1326978116
1326998647
1327065960
1327091960
1327121710
1327146960
1327157710
1327194022
1327231116
1327245272
1327276397
1327326303
1327346710
1327377991
1327428897
1327448678
1327468647
1327503803
1327538835
1327551303
1327580835
1327611085
1327620960
1327628272
1327637553
1327652803
1327675366
1327689647
1327697803
1327713303
1327729022
1327746585
1330562616
1330973491
1341377241
1341410366
1341470053
1341514553
1341581647
1341593928
1342408835
1348164147
1348395116
1349189178
1349342835
1349640053
1349690210
1349735178
1354223085
1354324272
1354414397
1354487366
1354611428
1354719085
1358237741
1358267678
1358308085
1358383178
1358409460
1358417428
1360195460
1369075741
1369350553
1369666897
1369721397
1369774585
1369797335
1369857522
1369896085
1369908647
1369926272
1369970428
1369978053
1370003835
1370013928
1370030647
1370143460
1370158178
1370167741
1370180178
1370213272
1370243210
1370268428
1370304678
1370340178
1372313147
1372357866
1372423553
1378794866
1378882335
1378898303
1378919428
1378933616
1378980210
1378997835
1379040616
1379111210
1379122741
1379141960
1379177241
1379216553
1379230085
1379329647
1379366147
1379377678
1379400460
1379474647
1386888491
1387082647
1387599803
1387663397
1387695397
1387899897
1387990366
1389948022
1389957428
1390000491
1390071210
1390113678
1390161678
1390186616
1390225741
1390281928
1390305928
1390331085
1390346553
1390365460
1390386428
1390398178
1390405835
1390427210
1390484585
1390513960
1390558585
1390635116
1390642178
1390675303
1390715897
1390749647
1390760460
1390776428
1390801116
1390826460
1390850085
1390865866
1390880991
1390896741
1390926147
1390932491
1390981053
1391003241
1391036772
1391059397
1391072710
1391099522
1391132678
1391166803
1391201460
1391216085
1391279085
1391326928
1391339991
1391370647
1391436772
1391464178
1391499522
1391528928
1391653928
1391700585
1391776553
1391812772
1391867585
1391950366
1391993116
1392018022
1392070022
1395636928
1395689678
1395695553
1395714022
1395733272
1395753303
1395765397
1395775366
1395821147
1395828241
1395843803
1395851272
1395858022
1395877991
1395882835
1395892460
1395904491
1395917460
1395922678
1395932210
1395936647
1395943428
1395949835
1395968085
1395977397
1395985022
1395991616
1396005366
1396015897
1396032522
1396040085
1396052397
1396068241
1396083147
1396089397
1396101553
1396109522
1396130866
1396143147
1396158335
1396168397
1396184928
1396192803
1396200553
1396210210
1396216397
1396228116
1396264335
1396284428
1396298053
1396349116
1396355022
1396365116
1396370428
1396382460
1396391710
1396405460
1396416960
1396423928
1396435460
1396447210
1396463803
1396472397
1396506428
1396529210
1396555522
1396569147
1396579585
1396590116
1396595772
1396631928
1396652428
1396679022
1396685835
1396702585
1396709553
1396723835
1396752335
1396775241
1396802835
1396807366
1396816022
1396828553
1396854272
1396862147
1396878147
1396895335
1396900866
1396910678
1396931085
1396967428
1396991303
1397010803
1397030835
1397040522
1397073678
1397096147
1397112366
1397139897
1397164897
1397197803
1397214835
1397221991
1397264460
1397304616
1397335022
1397353866
1397408553
1397435147
1397446116
1397454835
1397474116
1397497803
1397516522
1397528710
1397553116
1397577178
1397592928
1397626991
1397642053
1397672585
1397689741
1397699397
1397749803
1397756085
1397762085
1397772741
1397784460
1397870491
1398451835
1398472085
1398488241
1398498397
1398972335
1399073491
1399102553
1399155116
1399211991
1399237272
1399267678
1399284616
1399290647
1399320928
1399347085
1399356428
1399361366
1399384553
1399396866
1399411428
1399424772
1399432678
1399438803
1399464022
1399472085
1399483178
1399540897
1399556116
1399569085
1399608147
1399618991
1399651835
1399681491
1399716772
1399724460
1399742897
1399771585
1399791022
1399816522
1399847710
1399859741
1399879866
1400548960
1400781866
1400801428
1400833303
1400850522
1400903116
1400907741
1400936272
1404485428
1408594710
1408653178
1408675616
1408692022
1408731147
1408736428
1408756428
1408762272
1408805616
1408902710
1412296460
1412314022
1412330303
1412339522
1412350366
1412361585
1412370022
1412376460
1412400585
1412416116
1412436022
1412441241
1412473085
1412512335
1412547460
1412591272
1412628335
1412659710
1412722272
1413342335
1413350585
1413359053
1413391366
1413392491
1413406022
1413454053
1413467522
1413477678
1413514178
1416779085
1416849491
1416868835
1416875928
1416886835
1416924678
1416929991
1416939085
1416948335
1416954335
1416966303
1416987928
1416997991
1417036147
1417049397
1417076928
1417112022
1417138460
1417169428
1417180960
1417222741
1417245366
1417257272
1417408960
1417428866
1417454928
1417467397
1417476178
1417484710
1417489772
1417507428
1417523210
1417550553
1417579835
1417606928
1417625491
1417636647
1417651272
1417660678
1417671866
1417690178
1417708053
1417726678
1417733522
1417749428
1417770335
1417778366
1417802835
1417840585
1417855303
1417867428
1417875335
1417892710
1417901116
1417930991
1417953960
1417969928
1417985928
1418021397
1418041616
1418100553
1418110147
1418125553
1418466366
1418530553
1418587522
1418619741
1418626428
1418641803
1418660710
1418678991
1418694303
1418706303
1418711710
1418717772
1418739178
1418763022
1418773616
1419416428
1420492772
1420594553
1422037116
1422093210
1422207585
1422276585
1422364616
1422452460
1422624428
1422656178
1432146647
1432175616
1432304585
1434080678
1434106741
1434136116
1434356710
1434410897
1434485553
1434522803
1434559491
1434659647
1434700460
1436585991
1436621366
1436655303
1436711210
1436737616
1436763835
1436815585
1436877428
1436937710
1437053210
1437107772
1437702241
1437799022
1437841303
1437863585
1437877553
1438037647
1438088335
1438121710
1438185960
1438308366
1438402960
1447113397
1447137178
1447144585
1447151678
1447171772
1447182272
1447189960
1447243960
1447249460
1447262116
1447269553
1447281522
1447288960
1447330585
1447402303
1449090522
1449119178
1449194585
1449270803
1449528210
1449779835
1453558835
1453791428
1455844585
1455934491
1455970553
1456014210
1456068866
1456106522
1457812022
1457835553
1457916428
1457925053
1457943866
1457957616
1457985085
1458014147
1458025553
1458037397
1458049085
1458055366
1458080491
1458095116
1458114397
1458127772
1458142772
1458157991
1458193741
1458204397
1458217585
1458233616
1458252928
1458293335
1458301991
1458336303
1458362428
1458387866
1458410491
1458425366
1458436866
1458449803
1458480710
1458601491
1458628366
1459485428
1459513022
1459566741
1459586428
1459598178
1459603428
1459611335
1459658553
1459703022
1459731741
1459841147
1461780178
1462092022
1462229366
1462327928
1462375116
1462397991
1462417772
1462439147
1462467335
1462485866
1462513491
1462542928
1462560647
1462650178
1462691147
1462759272
1462779428
1462842147
1462867741
1462882178
1462894928
1462903741
1462910991
1462935928
1462950241
1462958460
1462987147
1462994928
1463004491
1463011428
1463016866
1463037741
1463089616
1463106835
1463117772
1463137522
1463147178
1463163428
1463171710
1463235710
1463248647
1463255428
1463273585
1463287147
1463293803
1463314335
1463351241
1463366241
1463376647
1463415178
1463424272
1463431022
1463454616
1463474960
1463491710
1463517022
1463529303
1463540147
1463558553
1463572616
1463614897
1463627866
1463652491
1463681085
1463713366
1463730553
1463745178
1463758647
1463773741
1463792835
1463811647
1463832491
1463864178
1463894866
1463914366
1463929835
1463948710
1463963803
1463984178
1465277991
1465323647
1465445147
1465492147
1465519335
1465537835
1465560585
1465568022
1465575460
1465590928
1465601272
1465611960
1465618210
1465645241
1465656460
1465673522
1465721522
1469877428
1470090928
1470141460
1470149428
1470164303
1470207553
1470230585
1470322303
1470339960
1470373491
1470402460
1470417678
1470531835
1470929210
1471045960
1471076116
1471130460
1471284616
1472383085
1472432303
1472832460
1472858303
1472894960
1472930585
1472962616
1472991991
1473054335
1477054803
1477151022
1477207647
1477366460
1478029303
1478137210
1478194460
1478227897
1478254897
1478283085
1478295397
1478301585
1478348428
1478364460
1478387678
1479891397
1482549366
1482863053
1482955241
1483057241
1483331241
1483807960
1483887741
1483926897
1483946585
1483957803
1484020147
1484036116
1484309303
1484372553
1484393491
1484413866
1484511585
1484559397
1484628428
1484729585
1484768241
1484807428
1484828272
1484866772
1484916928
1484961553
1485009303
1485276991
1485524116
1485548147
1485588210
1485607210
1485641147
1485658053
1485738491
1485771053
1485836835
1485874803
1486578835
1486594460
1488888022
1488955835
1488973866
1488991772
1489012366
1489029147
1489040585
1489057241
1489076210
1489089647
1489111272
1489124397
1489170428
1489187866
1489218928
1489230335
1489263960
1489276397
1489296553
1489314616
1489378397
1489387522
1489397210
1489414272
1489428585
1489437491
1489454866
1489479022
1489494897
1489533710
1489545303
1489571116
1489588585
1489607741
1489616022
1489668335
1489696460
1489709022
1489728866
1489793616
1489830428
1489879335
1489937866
1489992741
1490530303
1490558897
1490574866
1490592241
1490605428
1490621710
1490651491
1491560803
1495239835
1495299585
1495330803
1495347803
1495369241
1495378428
1495391991
1495411147
1495431116
1495452866
1495465116
1495494553
1495509272
1495520647
1495546585
1495563522
1495570897
1495598460
1495607803
1495617210
1495625053
1495650616
1495664241
1495687241
1495697991
1495725835
1495744647
1495754491
1495788210
1495816116
1495826210
1495848366
1495901272
1495912741
1495942678
1495962022
1495982741
1496006835
1496036616
1496061272
1496099991
1496136835
1496157085
1496177053
1496190678
1496206678
1496217085
1496247085
1496263085
1496284616
1496302522
1496340553
1496359460
1496379803
1496410210
1496447928
1496475147
1496512991
1496535616
1496553303
1496595991
1496630741
1496676147
1496705897
1496715366
1496769303
1496785647
1496807335
1496824678
1496837272
1496843116
1496853491
1496859241
1496865647
1496876616
1496896085
1496902772
1496911835
1496936960
1496967178
1496988053
1497011022
1497097178
1497116491
1497143116
1497206741
1497228460
1497252116
1497320772
1497346616
1497376428
1497388241
1497403491
1497424147
1497455210
1497496647
1497563991
1497603085
1497643772
1497709866
1497732741
1497774491
1497795397
1497830241
1497869397
1497881835
1497906303
1497917428
1497922616
1497931178
1497954397
1497983460
1497999147
1498062678
1502481585
1502505960
1502516178
1502525241
1502539866
1502551928
1502559741
1502571803
1502582772
1502588522
1502595991
1502612678
1502622960
1502630116
1502646397
1502657366
1502670303
1502689366
1502703647
1502744147
1502803897
1502859647
1502917491
1502937272
1502957272
1502983928
1503017616
1503055085
1503094366
1503238272
1503368272
1503684960
1503717085
1503904366
1505000678
1505026710
1505062741
1505134053
1505148585
1505181272
1505212522
1505228272
1505243928
1505299178
1505338803
1505359553
1505401585
1505427241
1505461053
1505483616
1505512303
1505528710
1505559553
1505600928
1505628147
1505662803
1505697741
1505728803
1505753803
1505773522
1505806022
1505831491
1505873960
1505895585
1505916553
1505944835
1505973866
1506030460
1506053835
