293815080
293893080
293930580
294024205
294053299
294198611
294298955
312139642
312174580
312198392
312209799
312216955
312249986
312255705
312272955
312279986
312286830
312296767
312304611
312312986
312320174
312334642
312346299
312365455
312374736
312383892
312391392
312399736
312406705
312417424
312458799
312507830
312516486
312522955
314720299
314733924
314776517
314784799
314791767
314809361
314852049
314878549
314928986
314994299
317860642
317871861
317889611
317953142
318150705
318417580
318506455
318676455
318688486
318952361
319213424
319267830
319659642
319715361
319841299
319878455
319938486
320170392
320272392
320347111
320385517
320445892
320516455
320560330
320594330
320690299
321136361
324719767
324797455
324981642
325287486
325503049
325564830
325704799
325829080
325897392
325998361
326088986
326128111
329820361
329854236
329894174
329949705
329981455
330053486
330157142
330231486
330235705
330312674
330338892
330373080
331288861
332655517
332722455
332761892
332980986
333661736
333755267
333833455
333891486
336917986
337323205
337461017
337768142
337807174
337818455
337879142
337935861
337978330
338051674
338107611
338145830
338163049
338176580
338357361
338377549
338524705
338606674
338646330
338681705
338706861
338809267
338950455
339475424
339593799
339654330
340386486
340605017
340640986
343147330
343261017
343336580
343449080
343502799
343674392
344464924
344545549
344611267
344647392
344682424
344735674
344787455
344843205
344893361
344970799
345100642
345128236
345373830
345425892
345559986
345658611
345962267
346003767
346011861
346107455
346188111
346238892
346288080
346429236
346487580
346602705
346626299
346690611
346731642
346909299
346957861
347051236
347144861
347265674
347411705
347560017
347649549
347694299
347744236
347848142
347879736
347914674
348049392
348163080
348596330
348671924
348825299
348858705
349002455
349066486
349186986
349287299
349540267
349671205
353269205
353342517
353439986
353453111
353520580
353540611
353554642
353572049
353597799
353611705
353621455
353636611
353640830
353664111
353675486
353680924
353703205
353810892
353834392
353838049
353847017
353854955
353860736
353917861
353959142
353966830
353971361
354007330
354044517
354061830
354120330
354140236
354151580
354163392
354179986
354206955
354217080
354242455
354247267
354253486
354262111
354287017
354324924
354359049
354388236
354413049
354492205
354515767
354553486
354565705
354619455
354647361
354667111
354698017
354708424
354713642
354731111
354734861
354745799
354772455
354777705
354806299
354813924
355026080
359654111
359703205
360369174
361135892
361176080
361233142
361258674
361307642
361365986
361391517
361886642
361939392
361979049
362038517
362072986
362091174
362187799
362240174
362297799
362361892
362562767
362993580
363069111
363278549
363366517
363440924
363597549
363821549
378100111
378149674
378252830
378322674
378521017
387233861
387239642
387251111
387257549
387266767
387278236
387293361
387299799
387307049
387327486
387482236
387561580
394304705
394556299
394620455
394662767
394695549
394732892
395299611
401630611
401698330
401812799
401852986
401940549
401987642
402276674
402319330
402373861
402444330
402542424
402632611
402697330
402804205
404167174
404448830
405219924
405379986
405421455
405455830
405483017
405525142
405580767
405634142
405673861
405728017
405762861
405836549
405876392
405934830
405978517
406027986
406087392
406165924
406193080
406228924
406300330
406346517
406412611
406483892
406533455
406626580
406714830
406978080
407814799
409035549
409149767
409293549
409477236
409759986
461948049
466194424
466292111
466402267
466428205
466447174
466461705
466486705
466506080
467535736
474955517
476026392
476492361
476503642
476519924
476532986
476555424
476572799
476581174
476589955
476652236
476689924
476735236
486778205
487814642
488856830
488934392
489080111
489314080
489356142
489438080
489612486
489665330
489711986
489783049
489820017
489843330
489893236
489936111
490035955
490063705
490126611
490158486
490218111
490250080
490372517
490519549
490760955
490790736
490825392
491022049
491088830
491118892
491370642
491398424
491436424
491517736
491523267
491579455
491607861
491679580
491786017
491825767
491888392
491946799
492034205
492070267
492144924
492193424
492236267
492322080
492348142
492390517
492440174
492514642
492632955
492651486
492687080
492731330
492753392
492794236
492819611
492890549
492934892
492959017
492993455
493071549
493117767
493248299
493643236
493693736
493770017
493805299
493888267
493954236
494018549
494086674
494216361
494301236
494341361
494378267
512930017
512951861
513071705
534545611
537631892
537688955
537841861
539614580
539741017
539771955
539818111
539855142
539968705
540039736
540110767
540189517
540456642
540516705
540569705
540619642
540663424
540763611
540840174
540926424
540990330
541168205
541201705
541253361
541378392
541439517
541496799
541543767
541619642
541691361
547951986
547957017
547980205
547996517
548020174
548057267
548100736
548113799
548135392
548181299
548210361
548234611
548259892
548280642
548308236
548322142
548385205
548442549
548523986
548576299
548588799
548595424
548604299
548611611
548626986
548634861
548645049
548672049
548680517
548689361
548697955
550469017
552840924
553637174
553738611
554214580
554272299
554380455
555926892
556001486
556127767
556157267
556263955
556518142
556566455
556829892
556917080
556967517
557047674
557221424
557310392
557489955
557602986
557651299
557733267
557816674
557946267
558108236
558170049
558242892
558489924
558568299
558974892
559254424
559415392
559476830
559644361
560300361
560605111
562283205
562589392
562667830
562754424
563003861
563112517
563180330
563391392
563571486
564257986
564459205
564532549
565977111
566903111
566935767
567018299
567039549
567071642
567147830
567213830
567277705
567320392
567440361
567931830
568226142
568532267
568820080
576808674
577111205
577211205
577707767
577957705
578020330
578244330
578609049
578846392
579067767
579237549
579581330
579699580
580894392
581040517
581170174
581444361
581631392
583193236
583249299
583384767
583447705
583548142
583773080
583963330
584032299
584137611
584203736
584370986
584505861
584605986
584745049
585028080
585093517
585275611
585363205
585523017
585704267
585816674
600724580
600760986
600774611
600799330
600818299
600833611
600883424
600907736
601001330
601054142
601086674
601105174
601211049
601236299
601514455
601561361
601600830
601636892
601753642
601929455
601980392
602217830
602251236
602291174
602360892
602501549
602604705
602741580
602769455
603256017
603301955
603435924
603593580
603702330
603838330
603927455
604189017
604272892
604332205
604471705
606319736
606346111
606377142
606941267
606959674
606989424
607032580
607101361
607141267
607205861
607248080
607256299
607393642
607416080
607639049
607664361
607765486
607810580
607823736
607862424
607897861
607928267
607962611
607992549
608012767
608069549
608089549
608207205
608249424
608276580
608312736
608364267
608420205
608470549
608505361
608539299
608552580
608588955
608650455
608807924
608894955
608974299
609000299
609069955
609100392
609130799
609294017
609321267
609529830
609586299
609648892
609792861
609840642
615893517
621395955
621767830
621850080
622833424
622939142
622977236
623186767
623237392
623370830
623409455
623454392
623540080
623563736
623665142
623725080
623792611
623825299
623846580
623879642
623980017
625024736
625892517
626050049
626168986
626506736
626554299
626578799
626598017
626621767
626827642
626893080
627493017
627546580
627581330
627615705
627651236
627752549
627784674
627817236
627837674
627934736
627957517
628011830
628032767
628074455
628088017
628189892
628297205
628363580
628759361
628988642
629028580
629046299
629064080
629086580
629142517
629232705
629261174
629303674
629364705
629427080
629451767
629487955
629551205
629576267
629751642
629771892
629825205
629916892
630163361
631008111
631041674
631470861
631498861
631552174
632198580
632242486
632415361
632535017
632639330
634065142
634233424
634320611
639865892
640107799
640128705
640265924
640390486
640504486
640729674
640862267
640897142
640923580
640969299
645596080
651799767
652050330
653817080
654269361
654338517
654343174
654353392
654379049
654385017
654391861
654404611
654427892
654456861
654472986
654493705
665612392
666645205
666660892
666692049
666707205
666760455
666769424
666778111
666823455
666844111
666849767
666864861
666884049
666920049
666936642
666944611
666954705
666960924
666967142
666984267
667004611
667025486
667038799
667055705
667099424
667113611
667126392
667143424
667149799
667173705
667183986
667207330
667283580
669569580
670549486
671410174
671734111
671802830
671947986
672041392
674731424
676691361
676718736
676915549
677097174
677125892
677143924
677164955
677210611
677399580
677531174
677658049
677678455
677769455
677780767
677826049
677846299
677868361
677884767
677912861
677955580
678006299
678114455
678131049
678148924
678209330
678265986
678525330
679854955
679931174
679961267
679988986
680032611
680081674
680119174
680178392
680207330
680300205
680373142
680403049
680514736
680563142
680638924
680674549
680695330
680765736
680806580
681007736
681121549
681174142
681220642
681257705
681297642
681430799
681516361
681558736
681692299
681773142
681863580
684523361
684587267
684605142
684685611
684756080
684811611
689430799
689454955
689481736
689506080
689535517
689553111
689563205
689597361
689649330
689666861
689700486
689789767
694331611
694931236
694984674
695102392
695180830
695310517
695385611
695551361
696993174
699859267
700494580
701622205
704714424
705415674
705429642
705477111
705484736
705511517
705532580
705541267
705576267
705621080
705628705
705634705
705639705
705649236
705722205
705919955
705957392
710727986
710791017
710827049
710833299
710842517
710854611
710869799
710963642
710981986
711004955
711096424
711114424
711135674
711223705
711259674
711289080
711313955
711393111
711436861
711472080
711520080
711617111
711688267
711757267
711793267
711831486
711864892
711901830
712009174
712020205
712042486
712058549
712165361
712207705
712216736
712226517
712240705
712278799
712296549
712413580
712467486
712532986
712598330
712626142
712644111
712655267
712699299
712709892
712788424
712793642
712804799
712877986
712917267
713057486
713356986
713442580
713510736
713594861
713713799
714191299
714931049
715092924
715278236
715435361
715609392
715865830
716357330
716578080
722126580
722199705
722355205
722569674
722918361
722941205
722967299
722975424
723007924
723037517
723086767
723136642
723153986
723264361
723313174
723372830
723454455
723502267
723589299
723678705
723735830
723824486
723925892
724017549
724051111
724317017
724429892
724464611
724470767
724483049
724575517
724620049
724746611
724760361
724874642
731285111
731321455
731436580
731545392
731706924
731817611
732006267
734257517
734284705
734313330
734340580
734441080
734519486
734535424
734563455
734754361
734794830
734859799
734984830
735495861
735515424
736206455
736319830
736381361
736478111
736524080
736641017
736804299
736959049
737012330
737123205
737247955
737451267
737591642
737872111
738260830
739175174
739402861
740850267
741345611
741401580
741547455
741879955
742145361
751840267
751887361
751951767
752023611
752166611
752204142
752328017
752471799
752516174
752586392
752698299
752802205
752823080
752907455
753073174
753173955
754995799
755152486
755202361
766921111
766995049
766999455
767007861
767013455
767024111
767031361
767059799
767107080
767179549
767193611
767242611
769253924
769353361
769393736
769449392
769475736
769486424
769527486
770505517
773726611
774806017
774909549
775075049
775580580
775839986
780567611
780637986
785087142
785127142
785143236
785222924
785243455
785251955
785287767
785308361
785318174
785326924
785340299
785348705
785354580
785405299
785413330
785425736
785439799
785452455
785461580
785507517
785528236
785547080
785592330
785615299
785620486
785635111
785640767
785650111
786933549
786954517
786962517
786969674
786977205
786986142
787022236
787048830
787059986
787069986
787092267
792806330
792847736
793850611
793966142
794084642
794216986
794330111
794442830
803122830
803838861
803894924
803946642
812289799
812300580
812307205
812316580
812322861
812343767
812348799
812357799
812364674
812371580
812377424
812384267
812413674
812420674
812443611
812907986
813193799
813380611
813393017
813407517
813419611
813471080
813508267
813530955
813554861
813573361
813593299
814444080
814664674
814697299
814724674
814849892
814906267
814946361
815034799
815132392
815239861
816153455
816417955
816807642
817342580
817487299
817635705
817655455
817710549
817731080
817801955
817825705
817857861
817875955
818298955
818317236
818404299
818565392
818679486
818737674
818769955
818833174
818903924
818935580
819081236
819117486
819178955
819229736
819350299
819437455
819503517
819632674
819678674
819799017
819930799
819953330
820218111
820252142
820521549
820608580
820697767
820776330
821084080
821126392
821186299
821232517
821264174
821273517
821331674
821838455
821946674
822105517
822200986
822255892
822292080
822310049
822453955
822523049
822548267
822736361
822810486
822879799
822973392
823036736
823165955
823221642
823318705
823921705
823983424
824038830
824077674
827527830
833413267
833519861
833645236
833750424
833854142
833878799
834108705
834163830
834222986
834268205
834400517
834433486
834459799
834530892
834625205
834688892
834702799
834740830
834784267
834886142
834915799
834956267
835085674
835137549
835161267
835296986
835382111
835422986
835448611
835506924
835551142
835614892
835686267
835779611
835833986
835880080
835933517
836053080
836135892
836373174
836452955
836489017
836639267
837420455
837496799
837649549
837695767
837768424
837816049
837838455
837861486
837907674
837984955
838142580
838249205
838490236
838850924
839296955
839323392
839387892
839488361
839615455
839845517
840253642
840377924
840493642
840533705
840568080
840626392
840802392
841608361
842682642
842827767
844005486
844106455
844298517
844463705
844518111
844626392
844716642
844767142
844799861
845039767
845133017
845200799
845264830
845345174
845393892
848511424
848531111
848545924
848557486
848575392
848607080
848625049
848645049
848666017
848672924
848706267
848730486
848758424
848768361
848794330
848803049
848838924
848853642
848874642
848918642
848969580
849001611
849375861
849392986
849415799
849518424
849575924
849721986
849901236
849922642
850035767
850164924
850253392
850549830
850596611
850726580
850824424
850894955
850931424
852201736
861132642
862338736
863667017
863716580
863814486
863909267
863990517
864003517
864061080
864110611
864130674
864178517
864231892
864383267
864416580
864435705
864453111
864466205
864489767
864581705
864799455
864862424
864971424
865055267
865096455
865156611
865196892
865254642
865315392
865343955
865482861
865494642
865504955
865656424
865836799
865912267
865940611
865975205
866001580
866051517
866095392
866158674
866206955
866245486
866255486
866297611
866368799
866400299
866439767
866514111
866520705
866550486
866582080
866669392
866695017
866726361
866757736
866820205
866839830
866897924
866955049
866975736
866990455
867030611
867055611
867104924
867180549
867240049
867810892
867868455
867926611
868010892
868072705
868099705
868123142
868136611
868163111
868191830
868200049
868210517
868233080
868253361
868291455
868333674
868693549
868754017
868793142
868829424
868854924
868884580
868925267
868946611
868971955
869000080
869027142
869055142
869094642
869166642
869205736
869318455
869335080
869371455
869499049
869550861
869662174
869671330
869766174
869824111
869960424
869993549
870040080
870079611
870101861
870165674
870313986
870391892
870451424
870510767
870574174
870621986
870700299
870812392
870939486
870971267
871036861
871070017
871127924
871240955
871260580
871280205
871326049
871380049
871422986
871525205
871583736
871762174
871869455
871956236
872060549
872132924
872168955
872311299
872376174
872512142
872581174
872654986
872819017
872947517
873046299
873183611
873245580
873288517
873340424
873422236
873536424
873566267
873613830
873774111
873822642
873956830
874190111
874372299
874449674
874498736
874545549
874635111
874779736
874937736
874999955
875028642
875124174
875167799
875282361
875439674
875464361
875624736
875707517
875772892
875802924
875874267
875930080
875998892
876088205
876246080
876296955
876368924
876598674
876905424
876938142
877044299
877300299
877440861
877471267
877546892
877720267
877821517
878039267
878284799
878487080
878679955
878790517
878796674
878997799
879072611
879292830
879517580
879807799
879995580
880086580
880278986
880451455
881474424
881641549
881970799
882047611
882308517
882363892
882624049
882664049
882745861
882809392
882885455
883374642
883509424
883891767
883926330
883992924
884035705
884100674
884186892
884218049
884268392
884499549
884566955
884609486
884898267
884992392
885040486
885123767
885633174
885801236
886503330
886814205
887147424
887232924
887478174
887887861
887914299
888003174
888088111
888112767
888178080
888231299
888271486
888527080
888602174
888677236
888687142
888702236
888741392
888763299
888810142
888845205
888856767
888934736
889097361
889153455
889204080
889307049
889339111
889368955
889397142
889726330
889791424
889862236
890004049
890044392
890118611
890208361
890281205
890363580
890551924
891673799
891753486
891776330
891792424
891845455
891946642
892013674
892059767
892096517
892136236
892175486
892203736
892252486
892276049
892307080
892332392
892355174
892433517
892495455
897567361
910257549
910286580
910303611
910341424
910364424
911976267
912221642
912280330
912358517
912529205
912595486
912705986
912772299
912949642
913025861
913042986
913169892
913241236
913252767
913300236
913333611
913423236
913513236
917999424
926803205
927891830
928063924
928162174
928378299
928522580
928564330
928597330
928971049
929015017
929032424
929040392
929053674
929059205
929105142
929114861
929121955
929130549
929145330
929166299
929176080
929184517
929198674
929207549
929225424
929248986
929257236
929294830
929321517
929334986
929354892
929379205
929385674
929396580
929413924
929419580
929424080
929437267
929442142
929479736
929488361
929495830
929501986
929510424
929519267
929525642
929538767
929549236
929556174
929576392
929597892
929604861
929613392
929633517
929655892
929672111
929681455
929707799
929739049
929752955
929821924
929870486
930265111
930278736
930393580
930433236
930443049
930448236
930458361
930467642
930473486
930482455
930498517
930535705
956135142
971913424
971948924
972075861
972121892
972148580
972154611
972166767
972184080
972189892
972295580
972305611
972315642
972346330
983095486
1000641767
1001588424
1002210580
1002590174
1004425767
1009704611
1010314549
1011077767
1013063892
1013182611
1013294767
1013660799
1013858236
1014027611
1014091517
1014201736
1014260267
1014315767
1014360830
1014628955
1016138486
1016205080
1019027267
1019470986
1020022174
1020128174
1020226424
1027581799
1031476642
1031518549
1031531955
1031614486
1037386924
1037460580
1037496111
1040726736
1041569642
1041642736
1041673830
1041707111
1041750299
1041789236
1041810174
1041833205
1041905142
1041924924
1041948049
1042001892
1042039111
1042075392
1042130924
1042140799
1042169705
1042191892
1042227861
1042272861
1042328705
1042350799
1042394611
1042440736
1042458767
1042477486
1042510330
1042518580
1042589736
1042608017
1042625049
1042630924
1042658080
1042679580
1042691549
1042724330
1042747361
1042823142
1042872236
1042884705
1042910205
1042949424
1042984330
1043003142
1043012017
1043024424
1043054830
1043068049
1043075736
1043091580
1043123267
1043210986
1043235924
1043287892
1043337549
1043450174
1043516080
1043544986
1043608924
1043675517
1043719955
1043930111
1043993267
1044160830
1044290799
1044322142
1044464111
1045333986
1045832299
1046549486
1046610549
1046643892
1046648267
1046693892
1046717892
1046731424
1046771455
1046795455
1046817455
1046849767
1046908674
1046920205
1046937111
1046953017
1046979392
1046989642
1047015017
1047052236
1047078174
1047093080
1047110830
1047122267
1047165267
1047187111
1047219330
1047236424
1107805986
1117465455
1118714830
1119297236
1119321267
1119471611
1119509674
1119528424
1119545236
1119586955
1119685580
1119715799
1119780267
1119868705
1119879830
1119916799
1119927580
1119962486
1120016392
1120028424
1120044330
1120080799
1120100986
1120128486
1120167705
1120180361
1120198580
1120211299
1120256080
1120270017
1120312986
1120329799
1120346017
1120353736
1120387455
1120717424
1120947361
1121299424
1122131830
1122571861
1123430111
1123504924
1123555330
1123621142
1123655486
1129941517
1130068361
1130155080
1130270267
1130294299
1130348830
1130362267
1130388611
1130430767
1130500361
1130514424
1130528080
1130535486
1130565705
1130578549
1130634861
1130655892
1130677267
1130740330
1130774142
1131437080
1131553330
1131580361
1131588674
1131616986
1131627361
1131644767
1131655861
1131783267
1131795924
1131803705
1131810330
1131813861
1131821924
1131844267
1131877549
1131888892
1131898611
1132671392
1132695580
1132735642
1142945642
1144955111
1145208517
1145378892
1145808017
1145898799
1146413361
1147174611
1147392236
1148184111
1148502174
1149131236
1151059049
1151096924
1151140361
1151211049
1151259830
1151297267
1151316111
1151319861
1151372142
1151391861
1151408892
1151443142
1151482174
1155797455
1157357080
1157774142
1158186705
1164171705
1165069799
1167654174
1167761736
1168267049
1168411205
1168843611
1168897955
1168930580
1169126330
1169157361
1169176674
1169192455
1169204392
1169208799
1169268049
1169272736
1169278705
1169282986
1169289142
1169306955
1169322955
1169330830
1169340049
1169856674
1169925861
1170178236
1170394299
1170439611
1170647955
1170866236
1171757455
1176475830
1176730049
1178407486
1178470111
1178607205
1178667486
1178700674
1178722236
1178753111
1178779455
1178813424
1178846486
1178909986
1179038205
1179048642
1179145767
1179377049
1179392392
1179407767
1179429799
1179462611
1179494361
1179532267
1179575674
1179691736
1179733767
1179775705
1179800424
1179826642
1179832361
1179875205
1180874642
1180964111
1180973424
1181003080
1181029705
1181078517
1181101142
1189099705
1189488361
1189644267
1189891174
1190004955
1190262642
1190495236
1190635674
1190788330
1190933549
1191005236
1191058955
1191102174
1191142205
1191155142
1191200080
1191725205
1191954549
1191979955
1192009830
1192109580
1192137455
1192169924
1192211736
1192258361
1192398611
1192489674
1192628330
1192753267
1192772799
1192837267
1192863986
1192966330
1192985111
1193161361
1193210174
1193242611
1193318361
1193447830
1193498861
1193610205
1198349111
1198387955
1198401611
1198410580
1198414642
1198420174
1198435236
1198444330
1198458205
1198509205
1198531830
1198566799
1198577549
1199508674
1199576580
1199627830
1199651424
1199728392
1199737361
1199765986
1199961236
1200002799
1200172549
1201051986
1201497424
1201970361
1202134799
1202174267
1202415924
1202449267
1202685361
1202819767
1203150174
1203229986
1205663611
1205807486
1205889330
1205952111
1206157424
1206520049
1206586799
1206613611
1206629830
1206696111
1206751736
1206884424
1206991861
1207107017
1207130267
1207246267
1207799111
1207903142
1208037361
1208315580
1208381330
1208449267
1208664111
1209473830
1209511517
1209527486
1209559299
1209593142
1209612017
1209653892
1215161642
1215226830
1216480236
1217637955
1217755986
1217781736
1217876924
1217903299
1217953361
1217983611
1218026830
1218085267
1218100205
1218123049
1218164205
1218251736
1218268642
1218303142
1218385049
1218594392
1218668517
1218889861
1222761861
1222848642
1222877924
1222910955
1222945955
1223007486
1223095924
1223115424
1223173080
1223194174
1223269486
1223288924
1223300861
1223384580
1223429955
1223724580
1223821455
1223866080
1223875549
1223939892
1224056736
1224133361
1224170611
1224261830
1224316517
1224356142
1224381736
1224394080
1224399924
1224416486
1224451517
1224472549
1224504549
1224526205
1224534986
1224546642
1224572111
1224580924
1224588986
1224594205
1224610205
1224618861
1224647299
1224692924
1224708924
1224713549
1224731580
1224780924
1224800705
1224824549
1224840267
1224844455
1224862330
1224922299
1225048549
1227133205
1227149892
1227164736
1227196580
1227242517
1227264017
1227284392
1227310299
1229200392
1233262674
1233314267
1233336580
1233382392
1233393642
1233398486
1233417236
1233481361
1233599705
1233655299
1235466611
1235494830
1235567517
1235651049
1235692267
1235721736
1235774830
1235923330
1238506392
1238542924
1238583142
1238644361
1238697455
1238724236
1239436111
1239486174
1239577799
1239663517
1240065299
1242629830
1242652674
1242679174
1242685174
1242726924
1242744705
1242770392
1242813611
1243051642
1243152986
1243278830
1243290017
1243528361
1243833142
1243964299
1243977705
1244073142
1244170486
1244226549
1244265642
1248720049
1248813736
1248915549
1249174080
1249237299
1249286017
1250479986
1251386736
1251411767
1251420174
1251431767
1251438611
1251456330
1251472924
1251478924
1251488361
1251495799
1251507424
1251517767
1251529517
1251564455
1251572517
1251587267
1252031830
1252041455
1252061611
1252095455
1252135611
1252236299
1252253455
1252281330
1252297142
1252317142
1252355674
1252411517
1252450674
1252466267
1252471736
1252494017
1252702330
1252773611
1252892736
1252936892
1252979392
1252999111
1253081424
1253143142
1253166361
1253201174
1253240424
1254089924
1254121861
1254154986
1254217174
1254263705
1254318767
1254351924
1254368205
1254373861
1254435674
1254451642
1256733205
1256851455
1256869799
1256879236
1256890674
1256915892
1256920955
1256931924
1256936549
1256968486
1256981205
1256994267
1256999861
1257028549
1257068674
1257078486
1257176455
1257242017
1257268955
1257289392
1257304236
1257312299
1257344142
1257384080
1257401455
1257443955
1257483267
1257508549
1257521924
1257555142
1257560674
1257579299
1257588330
1257602580
1257638517
1257672767
1257681580
1257699080
1257721986
1257733267
1257766174
1257794017
1257895267
1257948486
1257960424
1258044361
1258834705
1259310986
1264422892
1270171611
1270194299
1270205111
1270209955
1270225955
1270262080
1270294455
1270300330
1270305736
1270323455
1270360361
1270710330
1276753424
1276876830
1277116267
1277135830
1277375830
1277400080
1290012049
1290094017
1290145892
1290250861
1290365861
1290400361
1290744142
1290863924
1291107111
1295102861
1295210830
1295293736
1295309174
1295409705
1295455017
1295492049
1295540642
1295701674
1295936986
1296716517
1296961111
1302004924
1302038111
1302077424
1302099955
1302126705
1302131674
1302147142
1302173924
1302193580
1302255017
1302490705
1302829986
1302972361
1306098736
1306155580
1306254455
1306294986
1306321299
1306325642
1306336236
1306340955
1306346549
1306353674
1306359142
1306366736
1306376767
1306388111
1306406549
1306430299
1307191080
1307307455
1307918580
1307992517
1309044455
1309256799
1309482924
1309537736
1309627330
1309693642
1309713174
1309721955
1309738767
1309758924
1309806142
1309829705
1309841986
1309888861
1309917236
1309957017
1310062580
1310069174
1310111955
1310163674
1310196767
1310222049
1310231455
1310262861
1310316330
1310380517
1310408517
1310448330
1310569580
1310609267
1311320674
1311527080
1311620205
1311687486
1311748611
1311793642
1311877455
1312304799
1312532799
1312606361
1312653424
1312739205
1312757174
1312841017
1312878611
1312888017
1312904205
1312942486
1313021517
1313074017
1313113424
1313144205
1313201392
1313271767
1313300736
1313358299
1313400830
1313486861
1313779892
1313938111
1314033205
1315447142
1315606517
1315705580
1315788111
1315882892
1315943892
1315992611
1316027799
1316058205
1316264767
1316580924
1316784549
1316912455
1316952549
1317133017
1317164424
1317493767
1317518111
1317544299
1317585767
1317674236
1317788767
1317922174
1318039174
1318104580
1318232924
1318347892
1318381455
1318566674
1318679017
1318768799
1318785361
1318822142
1318912642
1319540205
1321149924
1321301174
1321394736
1321447205
1323787642
1324356549
1324785799
1325301330
1325729080
1326149267
1328141080
1328369986
1329043580
1329107017
1329129424
1329156767
1329175049
1329245549
1329280580
1329309267
1330852111
1330891924
1330912861
1330955642
1331000767
1336582892
1336613424
1336679892
1336713642
1336736892
1336746080
1336788892
1336807955
1336824611
1336837892
1336848174
1336863642
1336920736
1337078424
1337596799
1337717892
1337770080
1337837111
1338563611
1338724799
1338789549
1338845236
1339011705
1339125111
1339163767
1339206017
1339280080
1339410892
1339429517
1339457986
1339496392
1339541892
1339570361
1339821517
1339882080
1339949267
1340063174
1340116424
1340352674
1340673424
1340892642
1341177924
1341347611
1341465486
1341571517
1341650986
1341736330
1341835861
1341918299
1341986392
1342069705
1342431517
1342514705
1342761549
1342881705
1343006392
1343149205
1343542361
1344061892
1344135830
1344243017
1344518330
1344631924
1344681611
1344718330
1344737455
1344776955
1344870455
1345133830
1345186142
1345250580
1345363142
1345714799
1345799267
1346192549
1346221017
1346306174
1346393955
1346458924
1348516361
1348608017
1348834142
1349144799
1349178861
1349210299
1349249267
1349265392
1349281424
1349350299
1349367205
1349379049
1349386955
1349399299
1349404892
1349431580
1349470705
1349500767
1349520142
1349593517
1349605674
1349626955
1349644142
1349693955
1350665924
1350698080
1350744424
1350763611
1350774830
1350791892
1350839799
1350885517
1350919049
1350929049
1350941924
1351226799
1351783799
1351933955
1352213017
1352450924
1352489830
1352573767
1352601267
1352671549
1352707049
1352798736
1352855174
1352897705
1352953392
1353027892
1353085674
1353242205
1358356580
1359277267
1360119111
1360505267
1361700142
1365877236
1366173486
1367965049
1368219111
1368681705
1370828111
1376533017
1376647424
1376761705
1376867205
1376942955
1377088080
1377111361
1377224424
1377313549
1377758767
1377823767
1377959955
1378194080
1381741049
1381912705
1382164611
1382413580
1382953049
1383067736
1386838549
1387046455
1387213517
1391192861
1392604361
1392922205
1393035361
1393061236
1393084767
1393118955
1393152174
1393179642
1395445236
1395722611
1395856517
1395925299
1396177861
1396842142
1397616517
1397689955
1397957111
1398128299
1398263705
1398418705
1398586080
1398632236
1398785955
1398821924
1398899017
1398996892
1399239424
1399503830
1399746674
1399872955
1400109580
1400208299
1400364142
1400538799
1400685861
1400707861
1400885517
1401045830
1401221486
1401270549
1401559955
1401719736
1402756267
1403093986
1403279517
1403870267
1403967205
1404056205
1404104580
1404175892
1404195330
1404959330
1405411361
1405612455
1407622955
1408259392
1409236424
1409529486
1409618142
1409702892
1409879017
1410596955
1410875705
1411028392
1411262580
1412377111
1413190861
1413255267
1413413330
1415955330
1417171674
1417475049
1417610267
1417748767
1417785049
1417813924
1417820486
1417831830
1417849174
1417853986
1417865955
1417872799
1417878205
1417905799
1417928517
1417938455
1418736642
1418765955
1418951830
1418997517
1419043924
1419918986
1419937111
1419954986
1419988017
1420001924
1420008517
1420047736
1420068236
1420085267
1420152892
1420170611
1420183799
1420202049
1420223830
1420261299
1420653580
1420692611
1420714392
1420773267
1420887080
1421030080
1421052642
1421116924
1421141361
1421349205
1422888924
1422951424
1422978861
1423002986
1423019736
1423066799
1423145080
1423191455
1423224674
1423273049
1423296299
1423317517
1423511299
1423594674
1423624861
1423671830
1423686392
1423693580
1423703142
1423710361
1425124674
1430952892
1431645799
1431687580
1431730517
1431739674
1431788111
1431951142
1432146392
1432185611
1432422611
1432474924
1432660767
1432697767
1432773330
1432812517
1434472392
1434597611
1435895955
1435998236
1436068767
1436085861
1436402580
1436448455
1436511392
1436530299
1436558424
1436569580
1436595642
1436615986
1436722674
1436745986
1436773017
1436797080
1436821986
1436836486
1436866455
1437031267
1437044392
1437129205
1437225674
1437250174
1437278424
1437449955
1437478111
1437539017
1438472767
1438530767
1438565611
1438587142
1438596549
1438613330
1438626424
1438646674
1438689267
1438801330
1439326517
1439437611
1439545205
1439573924
1439585611
1439630955
1439997955
1441089830
1441186361
1441450455
1441802517
1441813486
1441835236
1441857049
1441887549
1443257549
1443426111
1445504580
1446268861
1446715111
1449200861
1455064767
1455186330
1455328111
1455389080
1455488361
1458997236
1460190955
1460691299
1461443799
1461780986
1461833580
1461913392
1462909799
1463411674
1463644861
1463751861
1465075142
1465263580
1465408767
1465601642
1465681174
1465767049
1465886330
1466481517
1466665517
1466742361
1467802111
1468400299
1468535767
1468601361
1468779924
1468814142
1468935361
1468988392
1469109705
1469312299
1469529330
1470056142
1471144111
1471395017
1471542361
1472322486
1472548674
1472663017
1472685549
1472922205
1472956392
1473085549
1473166861
1473561486
1473600861
1473675205
1474197049
1474315486
1474423924
1474531767
1474649705
1475034486
1475276799
1475415611
1475482892
1475793799
1476032174
1478296955
1478361267
1478450330
1478494486
1478532080
1478599267
1478704736
1478739111
1478809611
1478859361
1478932236
1478985642
1479065830
1479106767
1479216361
1479254611
1479355674
1479418017
1479502111
1479541674
1479592361
1479670861
1479792236
1479831392
1479852986
1479905986
1480071767
1480288674
1480361080
1480400830
1480434111
1480464236
1480520955
1480586236
1480657017
1480680049
1480751299
1480821486
1480936486
1481140392
1481218049
1481259736
1481378017
1481430205
1481497361
1481522205
1481764361
1481800830
1481957455
1482694642
1482728205
1483010361
1483154174
1483865486
1483912736
1484357080
1484485236
1484637330
1484801580
1485075361
1485165142
1485418642
1485536080
1485582267
1485690642
1485761892
1485776424
1485990392
1486168017
1486507392
1487306111
1487496080
1488069392
1488110830
1488195767
1488418142
1488505424
1494317861
1500383861
1510154861
1518970736
1518999361
1519020424
1519053205
1519078236
1519094705
1519104642
1519116424
1519141674
1519187580
1519235674
1519243424
1519325549
1519351080
1519382892
1519444361
1519463267
1519484455
1519546986
1519722955
1519761986
1520160892
1520841267
1520864236
1520943049
1520974736
1521000736
1521027549
1521044924
1521059892
1521175330
1521202861
1521223955
1521262767
1521284767
1521360955
1521384142
1521400330
1521451924
1521480111
1521487580
1521503392
1521587111
1521613924
1523216080
1534288111
1534306236
1534334517
1534340549
1534352267
1534366674
1535295611
1536412736
1536446892
1536467830
1536475830
1536482392
1536503517
1536510830
1536522049
1536537017
1536550924
1536555455
1536567736
1536580580
1536588611
1536610830
1536615174
1536626424
1536633111
1536673517
1536684674
1536745299
1536790736
1536814174
1536881517
1537069299
1539806299
1539906736
1539938549
1540000205
1540049799
1540657486
1540694799
1540766455
1540962236
1541017642
1541033361
1541057424
1541112111
1543738361
1544375611
1548287580
1549829111
1550076205
1550290517
1550351455
1550640205
1550656486
1550897986
1551283142
1551369174
1551473017
1551589174
1551727674
1551778924
1551996424
1552724299
1552792986
1553042049
1553166392
1553288830
1554376049
1554622986
1555694861
1556936580
1557076142
1558535080
1558550986
1558590267
1558720955
1558733767
1558875517
1558933142
1558968267
1558980705
1559044861
1559088205
1559103455
1559164299
1559191424
1559237580
1559253017
1559284549
1559290080
1559327736
1559378892
1559388392
1559393330
1559432611
1559811017
1561066799
1561163299
1561611517
1561832642
1562146986
1564607799
1565917486
1566016517
1566065580
1566112455
1566192705
1566238142
1566255361
1566339517
1566356799
1566361330
1566371111
1566383205
1566391986
1566398174
1566412736
1566430580
1566448174
1566479267
1566643705
1567780330
1567805299
1567813330
1567821674
1567851486
1567865205
1567874892
1567930299
1567947580
1567970736
1567995955
1568010017
1568033392
1568061799
1568084361
1568122330
1568138142
1568146986
1568166361
1568183392
1568207174
1569679580
1569694580
1569867580
1569882455
1569905830
1569918986
1569924611
1569929736
1570986767
1571169142
1571264892
1571279674
1571310299
1571706642
1571724580
1571732517
1571771705
1571788080
1571803767
1571823080
1571888924
1576711080
1576827017
1576848142
1576883049
1577034299
1577081361
1577140361
1577200517
1577302205
1577339142
1577359986
1577421486
1577440986
1577515017
1579211611
1579304392
1579397955
1579479392
1579532424
1579574642
1579706767
1579783330
1579859892
