283771174
283889861
284174236
284396049
284588424
284755080
284867017
285096361
285407674
285457580
285517174
285563392
285681299
285817767
285886267
285966799
286041924
286076986
286112330
286153767
286221861
286295361
286314236
286340392
286349455
286353174
286412017
286542455
286561924
286599049
286699517
286813674
286909736
287018642
287793330
287842267
287845861
287993767
288017767
288379549
288424205
288478892
288545892
288614830
288772236
289150111
289332736
289476861
289589767
295780267
295976049
296247299
296558299
296580142
296784205
296982424
298022361
298264642
298503017
298539111
298597642
298644674
298784799
298819955
298833080
298860674
298909580
298973236
299048080
299069986
299089049
299131049
299185705
299238080
299382267
299439080
299489892
299502674
299577736
299629142
299742642
299746392
300624611
300931705
301507767
301936611
302009642
302063267
302515861
302821205
303262549
303392236
303607111
303638361
303662736
303684736
303958174
303962705
304104580
304474767
304697330
304827267
304993517
305624486
305759705
305913830
305931299
305933924
305939330
306460955
306586049
307711330
308273924
308404830
309124986
310548017
310912674
310934736
312331642
312421924
312427424
312461924
312496392
312535142
312606267
312628799
312695674
312795830
313080924
313156486
313183111
313185767
313223517
313710986
313751611
313837611
313875424
313920080
313965580
313969955
314030267
314142674
314147705
314168736
314214236
314216955
314346517
314393017
314444080
314545142
314631330
314636111
314676111
314706455
314762486
314778392
314876799
314958642
315348580
315579861
316563174
317587674
318005455
318020299
318075674
318115361
318118955
318158736
318163830
318166674
318192580
318234955
318269611
318307142
318313642
318351611
318403455
318422361
318426955
318511330
318516049
318563080
318579299
318727986
318732236
318762361
318783861
318809955
318819767
318831486
318868892
318918861
318984736
318988642
319059799
319076080
319088674
319117205
319188611
319299955
319380986
319419080
319425955
319486955
319621392
319776955
319903486
319907986
320024174
320142611
320448986
320549174
320588986
320634674
320694361
320705111
320724705
320737424
320769017
320803392
320815267
320825142
320835486
320874955
320902517
320912142
320947080
321018361
321068861
321212111
321262924
321273924
321297361
321317330
321380986
321500111
321528986
321571861
321586049
321710549
321967049
322008674
322407955
323203361
323360080
323744267
323831174
324174236
324226361
324524299
324691361
327007549
327092924
327107799
327147330
327163611
327166736
327183830
327259674
327291986
327319705
327342611
327390955
327444517
327486267
327523017
327529986
327580830
327608205
327712049
327733111
327815236
327847361
327888767
328011799
328014892
328042799
328066955
328119080
328243955
328325580
328345299
328395080
328440236
328642486
328646924
328687736
328692736
328755330
328772049
328833236
328903392
329003767
329038736
329491299
330227111
330631111
330814236
330979330
331033017
331085486
331202705
331441955
331579767
331850486
331877955
331970174
332090924
332174892
332251111
332257080
332665924
332991799
333061955
333127111
333235174
333322986
333466986
333549486
333680549
333901049
333961924
334150330
334175549
334235674
334317174
334340142
334342861
334474392
334538205
334583611
334668642
334795330
334958111
335081080
335286455
335729424
336007017
336656549
336683549
337986205
338130861
338389174
338485111
338490580
338566486
338651267
338839549
338969049
338988142
339010799
339066892
339126924
339262580
339267361
339338205
339405986
339469705
339497705
339535799
340499174
340616111
340641892
340693299
340709486
340734580
340737392
340756580
340771205
340808549
340834892
340848799
340877049
340888924
340892924
340902455
340933986
340956767
341033236
341062049
341066986
341108767
341171549
341195924
341223049
341226049
341280767
341410642
341581517
341635892
341674111
341711892
341726049
341745736
341750205
341803861
341807767
341811955
341923361
342008861
342143517
342203049
342252330
342316205
342395236
342424955
342429517
342613705
342616580
342738924
342846986
342922767
342978049
343034330
343478986
343602392
343771330
343785424
343816455
343915299
344019111
344315580
345949455
350617455
350782174
350886611
351084017
351144799
351165830
351177517
351192580
351236486
353526424
353871455
353896111
354034455
354303424
354463392
354626674
354763799
354877549
354969799
355019330
355040955
355118955
355219486
355741080
355766111
355993236
356021486
356243861
356536455
357253986
359725330
359748236
359803080
359850017
359855705
359905330
359935611
359948205
360001611
360046142
360110830
360158580
360161330
360197924
360232705
360276111
360278892
360330236
360382736
360399049
360422517
360440361
360478830
360486892
360500392
360517080
360562486
360594517
360596892
360627392
360731424
360767955
360817236
360841986
360850080
360912330
361287330
363655830
363707392
363744924
363772205
363868049
363870736
363899424
363912549
364005267
364112455
364133924
364169674
364184549
364258049
364264549
364538830
373993080
374427455
374943861
381524517
381562517
381570799
381620611
381694924
381780424
381808205
381877986
381916017
382345486
382433142
382479767
382490205
382504361
382586174
382635299
382682892
382715392
382738892
382761392
382767767
382786517
382801924
383107424
383230299
383308861
383446986
383494924
383504174
383533674
383538549
383540892
383554299
383558611
383561330
383595174
383662111
383668017
383675017
383740642
383787830
383842642
383845736
383878674
383993611
383996611
384066267
384070017
384129361
384177267
384495830
384610955
385171736
385330580
386171080
386399736
387380986
387515736
387515799
387557174
387612549
387929892
388025080
388050736
388064142
388098049
388153642
388173080
388191549
388256955
388332736
388344736
388416486
388448111
388460267
388520986
388654486
388673424
388717049
388858017
389836799
389844705
389890986
389902736
389929549
389958799
390035642
390081424
390207424
390243486
390305861
390309924
390353049
390488111
390494330
390502705
390509705
390539236
390600580
390603205
390678830
390865517
390894580
390899861
390988299
390995267
391009767
391025424
391076705
391143392
391180580
391285517
391365299
391371705
391461892
391524580
391529392
391531830
391562736
391566736
391694549
391697580
391763767
392028236
392031736
392131642
392374736
392432767
392442455
392569736
392574611
392637080
392639517
392730111
392771924
393412736
393491799
394394642
394780642
394818580
395047767
395168236
395356486
395457236
395888174
395987330
396073330
396125049
396233580
396259017
396372517
396437017
396446299
396465705
396471424
396499205
396573142
396595361
396598205
396641142
396730205
396805642
396808299
396889611
396967580
397028330
397199486
397207767
397483080
397643549
397651705
397912299
397940142
397950299
398009111
398183174
398241361
398462361
398712424
398770955
398782267
398808924
398843955
398852424
398858080
398898924
398970924
399010580
399068642
399228517
399291861
399385892
399424517
399431361
399456080
399458955
399476611
399590299
399593486
402973861
403352017
403498892
403615267
403801267
404074549
404275955
405923580
405970705
406102642
406133642
406241236
406302142
406395455
406463455
406498330
411326705
411476424
411914767
414540517
414926392
415281924
417681799
419309486
419353142
419543486
419589861
419663049
419804799
419922049
420071517
420115549
420560736
421374611
422300861
422453299
422689892
422820174
422961299
422986892
423017142
423019424
423087205
423089517
423189299
423328549
423333080
425320017
428165017
428287955
430682392
431500267
436088674
436340424
439132736
440236955
440455642
440685767
440750611
440996861
451424236
451722049
452174080
452296767
452417361
453072080
453273892
453801517
453838174
454123017
455898861
455972705
456246236
456335205
456386486
456426736
456897549
456994767
457176611
457276174
457439642
457481705
457673736
457732111
457863580
462919861
463763549
463959674
466574392
466652486
466870674
466920861
466961861
467048955
467069455
467312549
467410392
467459767
467510830
467546174
467548736
467565486
467705424
467833486
467918111
468000736
468137861
468235861
468364299
468465549
468499580
468514736
468531455
468574080
468620892
468633174
468635986
468683517
468770924
468865674
468869486
468910705
468936767
468965580
468980861
468987205
468991611
469007424
469012236
469015017
469056611
469081642
469104486
469132892
469192049
469195361
469250392
469319767
469352299
469395799
469425174
469503580
469553111
469575986
469623267
469679549
469788049
469819486
469864580
469917080
469946580
469979799
469982736
470032705
470094799
470187736
470206736
470234142
470269611
470428799
470484330
470560142
470599017
470656424
470725455
470804830
470849486
470964767
471165736
471224205
471230955
471536736
471599049
471631955
471635392
471687767
471744299
471819267
471860299
472030830
472069330
472151330
472259142
472297986
472436642
472695392
472917205
472935924
472971392
473031674
473066549
473070236
473090892
473109236
473127142
473139205
473157486
473174392
473183424
473195049
473224299
473230049
473381330
473498392
473501455
473674017
473721924
473813924
473830580
473875330
473880142
473906767
473919517
473939861
473946455
473998861
474052111
474129424
474160174
474221517
474331049
474397861
474483392
474488111
474568517
474628142
474730392
474826392
474842080
474970861
474977080
475382361
475484892
475695174
475851642
475946736
475963674
475966174
478210049
482640267
483231267
483368517
483837674
484036424
484324299
484384049
484600549
484649861
484712705
484793642
484945580
486863799
487963267
488000174
488016330
488032955
488045955
488064486
488072892
488101392
488119111
488137705
488164611
488168799
488183986
488187767
488196205
488205392
488214392
488249892
488255924
488270174
488285830
488303424
488308392
488346111
488366642
488407299
488425424
488444080
488456986
488466455
488485674
488490174
488499861
488521174
488535861
488544049
488554861
488583611
488666330
488693674
488718986
488722611
488782549
488816549
488855486
488932142
488993424
488997705
489056017
489145205
489150580
489194299
489250174
489252424
489319455
489338455
489401080
489443424
489496580
489647830
489806611
489810392
489917892
490327236
490349486
490594986
490659424
490853642
492824455
492888892
492955705
493145517
494359611
494376736
494398486
494405674
494419361
494428642
494444392
494457142
494489549
494619924
507768799
507943986
510840267
512071674
512322111
512351580
512436361
512746861
513110142
513509080
513915892
517882736
519765517
519872986
520089142
520395174
520414424
523001174
523382767
523440299
523518799
523613549
523703424
524054674
524089799
524225080
524413455
524582142
524749861
525370049
528731174
528811330
528823111
528865986
528907642
528941861
528983049
529072642
529223361
529289705
529310767
529333517
529422299
529430986
529486267
529730642
529827205
529854517
529864205
529923517
529925830
530102174
530200799
530209174
530324205
530353517
530375299
530404142
530425549
530462017
530491986
530615736
530688580
530726486
530728705
530820924
530867736
531053767
531609049
531637455
531703486
531747674
531753142
531934392
531938674
531994455
532182111
532259955
532284955
532298767
532343330
532399830
532403736
532507705
532555580
532561299
532641830
532652642
532712080
532773080
532831580
532857642
532860236
532905392
532934017
533010049
533056767
533092080
533149705
533949361
534458142
537936392
537980861
537996830
538037424
538056674
538061392
538072580
538081642
538105705
538107924
538152267
538166486
538183861
538212830
538223611
538239486
538266611
538305455
538348236
538361111
538378674
538411799
538419111
538422611
538446767
538458674
538485392
538502892
538522861
538542799
538550830
538588017
538591017
538609892
538644080
538693517
538713080
538715236
538732642
538747392
538767955
538820736
538893705
538947986
538999361
539027861
539085299
539221642
539223986
539317767
539414611
539451205
540626299
541047705
541198392
541908330
541985674
542013111
542017986
542092799
542119236
542127017
542164674
542167830
542235174
542481517
542905017
543626142
543740455
543756017
543800517
543854986
543930267
543971142
543995705
544000017
544077580
544389799
548138392
548277267
548431455
548528174
548651642
548817080
548918830
549572861
549866892
549959861
550139267
550184705
550435517
550534424
550613174
550768736
551029642
551645924
551703142
552124392
552205049
552454392
552621955
552653361
552842174
553219517
553741236
554881017
555220830
555369455
555510049
556416299
556424986
556522330
556536455
556876830
557826455
558805674
560242767
560275267
560304955
560417049
560455861
560526142
560963361
561387767
561470830
561479142
561666424
561764892
561909267
561950611
562006424
562076330
562141080
562179517
562205361
562211580
562310392
562406049
562575799
562670111
562698486
562853299
562982424
563065986
563122486
563287830
563403361
563560486
564113080
565136361
565893236
565943924
565980549
566041830
566143486
566165642
566184392
566191549
566193455
566289455
566628642
566759486
566843111
566906517
566990267
567049861
567096174
567232205
567332299
567387674
567391642
567601830
567617205
567671330
568643642
570219080
570252424
570336674
570473955
572848674
572880361
573135361
574379892
574645955
575098955
575333767
575588392
575629392
575736486
575840642
575968549
576130330
576259549
576564674
576704455
584023299
591478049
591509080
591576299
591681299
591732549
591829517
592110111
592580830
592753361
592816892
592863236
593070674
593228799
593251205
593270205
593469517
593541674
593618330
593823142
593959049
594733455
594752986
594851267
595021611
597469174
597781674
598350799
598370892
598417174
598428049
598471267
598502486
598573861
598594111
598605049
598620392
598629830
598647049
598653861
598664486
598687767
598693049
598728142
598733330
598775799
598795111
598803955
598810705
598834642
598852517
598901705
598909861
599011174
599161236
599274236
599422611
599456799
599559267
599660705
599706299
599728486
599756111
599769549
599838361
599900205
599933674
600105924
600132705
600164017
600303611
601376049
601864955
602381361
602394799
602546361
602681455
602931017
603405611
603415517
603477549
603580111
603639549
603740549
604629861
605384080
605444080
605853955
609333674
609964642
610064049
610109486
610149017
610259955
610287455
610607642
610667799
611187486
611252736
611414142
611491205
612202611
612280486
612441455
612590049
612675049
613117361
613913830
614203767
614523580
614848174
614988267
615288549
615324580
615380486
615770205
615946955
616464892
616561642
618060267
618163892
618220174
618714267
619032424
620240736
620362611
620384486
620709361
620749111
620826799
620892986
620910705
620920080
620979767
621095049
621559955
622499392
623743424
626904455
626999986
627056767
627079455
627212611
627253924
628070142
629806486
629960611
630577549
630674705
630840830
630934767
631645517
631728267
632655455
632662924
632686142
632712642
632741767
632764392
632773892
632807361
632821142
632827861
632839580
632852861
632860892
632878767
632898674
632914642
632932017
632971486
632973642
632986674
632991705
633006861
633020892
633031174
633047611
633065517
633087080
633091705
633111736
633174705
633181705
633199892
633233705
633243205
633269892
633286705
633328299
633461736
633494674
633516861
633549080
633604299
633629517
633638111
633653392
633659174
633666424
633678424
633785049
638578830
639505955
639552549
639594267
639684580
639738017
639742611
639757549
639782392
639804455
640031517
640577049
641079455
641430736
641730049
641864830
642615674
642680736
642694799
642700299
642725361
642740955
642939642
642971924
643074142
643346205
643401236
643469705
643520049
643567455
643785049
643817892
643846955
643914267
643969424
644003611
644339955
644733267
645648267
650900205
651135611
652426205
652811455
654528111
654551705
654599767
654640299
654674267
654708861
654946517
655875767
655993924
656132799
656157611
656187330
656229611
656444236
656671424
656769392
660382236
660465299
660731142
662776892
662826017
662845455
662853330
662907799
662948236
662988517
663037361
663045517
663205580
663218205
663370049
665815892
665852674
665874799
665884955
665907080
665989674
666043955
666109861
666143799
666177299
666180017
666246861
667186111
667241892
667289017
667350799
667358642
667460549
667502174
667527892
667562861
667588017
667600767
667654017
667722955
667870705
667875955
667971330
667976205
668008674
668011705
668033549
668083111
668139236
668202861
668259111
668358267
668417111
668452611
668463049
668464861
668620330
668765611
668904299
668964674
669040861
669154861
669202705
669306611
669459142
669598767
669646049
669984330
671812986
671821611
671872236
671939611
672097892
672156080
672232955
672280892
672396111
672551924
672582142
672598517
672617205
672663455
672726611
672751924
672781892
672898330
672940205
672993049
673045361
673177736
673230111
673661892
673820236
673896205
673957674
674009361
674080611
674148080
674235330
674334705
674429767
674470424
674562392
674626392
674714611
674827580
675152924
675195392
675236330
675347424
675459924
675471267
675473111
675504299
675573111
675647111
675661205
675683924
675810642
675903205
675950549
676035705
676058955
676579049
676612642
677312517
678042767
678162049
678164611
701428517
702532236
702596299
702665267
702686111
702688580
705562299
705798142
705860486
705905174
705910205
705958486
706009205
706066392
706160924
706477986
706505517
706571205
706824955
706902611
706951049
707098642
707213174
707368924
707592017
707800799
707926549
708013455
708184017
708223111
708591924
708823549
708872455
708925299
708985049
709172955
709272330
709351330
709469361
709527611
709656142
709739236
709902799
709961486
710095517
710147705
710225392
710257830
710281361
710332049
710400611
710583642
710604549
710717580
712957892
712981299
713371017
713494517
713583924
713691736
713824080
713885142
713980455
714131861
714148236
714276455
714381830
714453299
714550205
714579174
714592830
714601799
714619049
714636799
714656642
714671299
714771986
714824767
715122549
715168736
715432611
715554205
715777174
716095049
716205736
716286455
716459111
716517705
716681517
716761924
716801517
716962361
717024080
717088736
717152517
717240267
717334924
717377142
717393174
717395361
717597080
717669830
717707080
717985924
718165486
718266955
718314267
723316674
723385299
723472674
723595892
723634642
723674674
723785705
724669174
724859861
724927174
725101392
725471299
725656986
725701330
725758924
725840924
725897955
725944142
726071236
726167861
726252799
726352986
726453017
726738267
726837892
726845799
726850017
727006424
727056424
727295361
727641142
727672767
727812174
727844799
727930049
728053955
728115767
728162924
728325955
728386299
728463111
728569549
728595799
728605736
728610142
728751299
728823861
729126549
729132517
729166924
729169424
729178080
729221674
729225142
729263174
729298892
729323580
729326142
729334299
729394205
729398142
729447642
729449986
729512236
729515080
729645830
729676392
729711767
729722174
729727549
729748830
729798111
729861424
729940580
729943830
729945799
729965330
729968424
729972205
729999049
730007330
730034205
730048174
730118674
730121674
730138705
730164486
730223486
730226674
730364142
730503017
730505830
730668049
731347517
731422455
731628705
737156986
738671674
741256267
741570174
744411736
744463611
745865986
745898642
745941267
746035642
746081299
746103767
746106424
746155080
746203299
746212330
746284861
746297830
746315205
746374892
746379830
746417642
746420049
746979080
747115955
747693674
747757892
747779174
747856049
747862736
747920174
747949205
748052674
748074455
748095924
748118174
748179017
748204049
748231549
748254830
748308299
748314424
748392549
748880424
748934674
749030549
757263736
759039517
760219017
760320517
760389955
767063986
767093111
767196049
767202361
767224611
767277642
767292111
767294767
767339361
767366049
767377392
767449705
767492236
767499361
767545767
767552080
767615267
767647799
767695611
767766830
767790642
767914205
767917267
767997705
768223392
768405174
768523174
768572174
768574642
768577924
768636986
768653674
768683299
768694267
768776611
768851892
768902142
768904299
768945986
768962455
769038767
769045424
769130486
769132611
769186111
769232611
769237736
769592267
769630705
769642674
769689861
769724017
769770236
769840330
769881674
769902267
769973049
770004486
770071674
770076236
770118799
770120924
770211142
770304955
770377674
770433267
770535611
770539892
770542236
770627486
770652111
770707486
770709736
770834549
770871424
770903767
770959299
771107830
771237705
771323455
771326892
771359611
771362330
771400174
771426392
771447642
771449861
771495611
771557392
771605486
771695455
771718392
771751361
771755392
771852861
771896424
771975142
772023142
772052674
772077517
772192080
772266486
772459205
772493361
772561861
772687955
772946986
773004517
773049486
773081892
773136924
773260236
773336174
773395580
773499830
773639017
773714392
773768830
773797549
773832674
773851424
773855861
773981017
774196392
774284174
774411830
774498767
774601017
774637799
774645080
774661299
774668674
774721549
774777674
774826580
774959642
775122830
775199580
775229486
775262111
775299299
775344205
775395205
775490955
775766299
775881142
775903892
776021142
776060049
776323111
776355517
776434642
776465205
776505142
776563892
776575330
776607955
776698111
776766017
776833361
776856517
776896611
776904361
777215424
777246549
777249299
777288017
777289861
777419049
777447517
777552611
777576517
777578986
777600361
777691611
777794861
777816705
777840017
777854392
777861267
778486330
778500642
778548455
778608174
778612361
778619361
778712142
778771861
778782830
778820111
778850767
778888549
778922111
778968080
779000799
779032299
779063299
779115799
779171580
779178892
779199549
779308799
779326017
779393611
779417424
779466142
779496017
779498080
779545111
779548174
779673580
779723236
780058486
780114486
780349611
780436799
780509424
780592267
780749455
780776174
780928455
780931424
781023330
781035142
781056424
781150517
781153674
781170580
781237517
781265017
781269017
781289424
781301642
781321017
781323517
781332142
781398830
781539424
781542205
781587892
781608830
781761799
783652486
785329517
785412142
785479267
785542955
785664580
786657174
787116049
787364205
787520142
787572142
787603424
787685861
787697830
788074799
788619611
788982924
789129236
789200611
789264611
789326861
797610080
798425674
798593674
799317174
799408892
799474392
799670361
800235017
800474236
800621486
800869049
803227611
803534392
803550799
803577799
803584236
803647486
803678924
803803205
803807955
803879799
803884424
804197642
804497705
804527049
804559767
804565017
804576017
804596517
804600236
804613080
805033642
805113924
805170674
805201830
805220361
805307267
805348142
805351580
805419236
805531111
805643549
805682674
805937986
806087799
806153892
806165799
806179142
806185142
806249517
806427455
806497205
806596955
806787924
806960799
807086049
807151924
807265736
807384080
807436955
807969611
808105580
808179267
808363767
811497392
812353205
812432767
812526017
812595861
812631580
812634299
812686361
812721986
812766455
812791924
812810486
812823611
812831299
812865736
812868736
812920455
812930455
812984861
812996580
813029142
813044861
813047142
813074861
813078299
813115424
813117455
813158517
813211236
813297955
813330736
813350236
813352267
813361861
813398705
813479080
813532580
813535205
813538455
813644580
813650642
813677486
813680049
814499330
814964517
816592111
816821299
816873580
816991924
817193142
817387924
817781799
817792955
817883361
817934611
817940080
817959642
817969330
817994142
818056517
818072611
818088955
818134299
818167205
818183736
818185830
818204830
818213174
818216674
818234392
818256767
818258799
818282799
818284892
818287299
818345080
818369080
818387111
818435205
818462424
818484517
818521330
818528986
818715267
819008299
819066049
819106330
819148892
819152799
819174111
819176705
819210017
819253205
819285642
819287861
819290486
819327361
819355799
819414049
819477517
819536799
819541392
819544611
819587517
819739674
819750424
819801861
819808142
819847517
819882674
819959111
819961924
820024142
820026861
820029517
820062674
820126392
820137486
820176424
820178830
820184424
820239142
820246361
820289080
820291736
820346861
820349361
820371361
820374455
820377361
820434299
820436580
820565580
820605361
820616955
820767017
820774549
820882361
821019674
821237799
821295924
821313080
821374486
821416517
821448674
821451361
821607299
821678330
821731861
821806455
821809549
821845955
821895424
821971861
822085736
822089174
822218267
822223486
822875049
822937111
824084267
824127549
824156299
824179892
824201267
824203892
824225549
824255236
824267392
824284705
825605392
826322017
826332174
826339861
826371111
826397330
826406705
826427611
826446111
826466174
826474330
826496455
826504674
826519830
826525830
826532361
826562611
826569111
826586736
826619580
826727017
826815767
827002611
827007142
827064267
827119611
827122142
827169892
827224986
827285611
827288080
827335111
827368486
827431267
827433549
827436361
827536580
827548674
827550517
827581955
827609424
827642392
827649236
827848642
828658517
828793361
831379205
832406517
832441611
832463705
832487424
832528861
832539955
832554330
832567424
832578799
832591392
832619861
832629830
832641236
832660049
832664549
832679830
832687111
832894861
835027674
835543799
835691736
835760674
835906455
835945892
836030049
836119705
836192549
836272799
836331455
836337955
836388330
836457642
836460267
836600642
836603799
836623924
836625955
836645236
836647861
836668767
836679361
836710767
836731486
836746611
836761736
836771549
836797674
836822549
836843705
836890830
836897705
836910611
836933205
836944642
836976549
836985080
837018799
837046049
837084736
837118017
837121205
838123330
838154861
838197705
838208080
838236486
838256799
838300830
838307674
838321330
838327486
838363955
838370142
838376830
838387986
838398611
838413924
838432330
838468424
838496767
838510205
838607705
838631080
838637236
838659330
838684517
838756080
838782486
838793299
838829549
838846924
838854986
838863080
838873267
838906549
838976767
839288049
839350892
839393611
839439924
839498674
839587392
839591455
839649580
839652517
839656361
839708267
839713017
839761049
839801674
839863705
839892861
839939767
839982736
840026330
840090517
840119799
840482455
840585955
840640205
840669080
840701392
840731674
840739049
840817330
840864486
840893861
840943455
841055017
841087111
841153986
841161142
841198767
841296799
841356205
841521361
841558736
841566767
841599205
841780861
841855455
841934080
841962986
842114424
842221892
842727611
842809955
842922486
843241205
843297361
843415892
845402799
845424642
845431017
845456080
845482986
845513986
845521580
845530955
845630580
845646111
845666924
845720142
845739674
846513017
846570486
846607361
846617486
846641392
846678267
846701142
846930799
847182924
848881017
848973486
849071299
849420361
849435392
849554486
849748049
849794017
849925674
850195611
850334455
850340642
850387142
850443517
850600236
850696236
851854455
852113424
852136424
852200549
852401767
857692674
857734892
857932486
857977736
858053486
858056705
858074330
858076986
858177455
858181049
858870799
858923799
859123330
859216361
859245299
860285299
860493642
860637267
861586455
863511424
868146830
875092455
875324299
876635955
876659892
876689580
876873267
877210986
877643205
878182736
878320111
878911861
879016361
879159330
879322642
879378861
879392642
880366049
880942455
881531986
881654017
881964111
884475986
885084205
885344174
885438455
885498361
885896549
886561549
886567892
886691392
886725299
886763767
887355111
887410486
887557830
887708924
892036080
893645080
896596236
896669799
896698174
896854705
896926517
896964267
897010674
897080392
897129799
897167799
897195830
897253017
897300017
897361642
897478049
897482049
897561580
897600424
897726955
897763455
897765549
897783392
897882424
897938111
898169892
899309017
899760799
900280299
900681517
904594549
906455142
910391424
910420330
910431424
910436674
910460236
910470892
910478486
910483580
910508580
910542767
910563486
910568205
910572799
910600799
910608361
910617142
910627642
910636955
910649674
910672861
910689892
910723955
910751736
910762830
910773767
910783486
910819986
910869049
910898892
910939486
910944892
910964142
910979236
911019111
911025955
911041830
911049142
911068767
911083549
911133361
911218330
911239705
911265705
911276455
911315986
911335924
911510330
911529080
911538392
911625549
911674674
911718674
911794142
911919049
911921986
912007205
912033455
912040424
912088580
912099986
912169424
912245142
912260267
912404517
912483236
912487330
912564236
912567424
912647799
912777174
912781111
912881830
912888517
912973486
914013830
914053517
914059830
914101267
914206236
914321205
915248361
921597892
926674549
926848236
927074049
927158517
927415705
927553955
928752236
928765549
929831455
931316392
937171642
937773205
937858767
937897486
938429580
938820142
938827330
942293486
942633205
942995611
945130892
945150049
945178424
945230549
945246142
945275049
945357799
945472892
945587611
945680299
945708080
945715861
945722424
945752799
945779861
945781986
945836236
945881017
945883424
945936986
945986861
946008205
946030361
946033799
946273299
946277861
952713830
952745455
952807642
952811642
953229955
953353674
953913392
953978799
954041486
958777174
958921486
959285017
960361611
961460361
961795830
962102299
962766361
962788361
962808892
962831049
962997830
963037049
963115361
963177861
963184267
963235299
963261080
963270455
963287517
963294799
963410205
964075799
970069642
970171674
970438767
970538330
970637580
971709267
972583486
973165236
973202642
973399611
973427080
973456174
973461424
973482799
973497861
973519580
973536299
973564580
973570361
973590611
973636611
973654736
973766174
973986549
974260986
974288267
974410080
974426611
975026642
977663330
977693174
977815611
977916424
978316486
978406611
978410924
978423830
978521111
983031767
985129267
985178330
985539017
985696799
985752267
985831892
985879142
986706517
986817642
986863111
986970486
987009205
987289799
987667861
987743455
988729705
991740424
991833549
994002611
994524205
994582892
994654580
994899330
995958861
997218767
997288580
997472361
997759486
998531517
1004646486
1006205549
1012928955
1015633955
1015715861
1015858767
1016007767
1016102392
1017012330
1017846517
1019522236
1022531299
1024055361
1025802392
1027059549
1027263642
1027270455
1027402174
1029582174
1029627361
1029665049
1029715111
1029739986
1029829267
1029863549
1029943861
1029970955
1030012236
1030031205
1030057330
1030091361
1030122486
1030151142
1030156892
1030178799
1030196330
1030202955
1030274611
1030319486
1030369205
1030371924
1030377080
1030422955
1030471174
1030473799
1030527017
1030529799
1030603611
1030637267
1030711111
1030798705
1030823799
1030826267
1030857955
1030890392
1030916830
1030978424
1030982455
1031058767
1031140111
1031143892
1031208674
1031365392
1031372236
1031390642
1032005611
1032126017
1032382549
1032556549
1032592299
1032596642
1032622830
1032673830
1032719486
1032752830
1033756486
1033821330
1033907705
1033933674
1033950611
1033965924
1034041986
1034058674
1034076611
1034128486
1034130392
1034212955
1034500611
1034507455
1034751642
1034849736
1034884924
1035340205
1035384830
1035710517
1036070080
1036167955
1037574986
1037620486
1037636424
1037689705
1037717486
1037762642
1037829736
1037864361
1037932455
1037940111
1038815392
1040944017
1041817142
1041955486
1042530705
1043077361
1043129392
1043158861
1043201611
1043234267
1043269955
1043295486
1043323705
1043325861
1043343205
1043344924
1043360799
1043406892
1043411549
1043438611
1043440861
1043484892
1043508142
1043528924
1043532986
1043538830
1043580517
1043656267
1043658611
1043660799
1043680861
1043735611
1043761267
1043763830
1043769174
1043793674
1043829017
1043833080
1043865955
1043868361
1043893174
1043895236
1043938580
1043941361
1044054549
1044056955
1044061299
1044163486
1044225205
1044227861
1044281955
1044284330
1044287236
1044325486
1044327799
1044330142
1044434299
1044436392
1044439236
1044519049
1044521611
1044586517
1044589080
1044593080
1044646455
1044649455
1044695236
1044730517
1044732767
1044800017
1044804611
1044856799
1044860267
1044900580
1044902549
1044923205
1044925424
1045003080
1045016767
1045043517
1045061986
1045094049
1045117236
1045177142
1045223611
1045225736
1045232049
1045259830
1045269799
1045308674
1045339205
1045345611
1045376549
1045410111
1045412080
1045443361
1045488830
1045540986
1045558392
1045593299
1045609080
1045658705
1045663955
1045723955
1045810736
1045817267
1045876955
1045912549
1045960111
1046085486
1046089955
1046184611
1046206267
1046249861
1046301705
1046341142
1046368736
1046442424
1046445267
1046448674
1046473049
1046480580
1046523299
1046553955
1046559674
1046672392
1046894892
1047076142
1047212955
1050766017
1051306892
1051431330
1053259455
1053340361
1053490705
1053523861
1053568642
1053604205
1053640549
1053648174
1053770392
1053815236
1053895236
1053929267
1054021580
1054093767
1054098705
1054101424
1054140330
1054150267
1054169642
1054222924
1054303767
1054602330
1054691549
1054757705
1055126080
1055364424
1055490705
1055527861
1055851330
1056028736
1056437111
1056486924
1056543799
1056629861
1056660705
1056785611
1056924049
1057049049
1057197267
1057515830
1057737799
1057868611
1058150674
1058670361
1058782892
1059212611
1059613642
1059751955
1059852736
1059951486
1060025549
1060103299
1060915174
1060977424
1061029642
1061089080
1061198017
1061245049
1061247986
1061350549
1061452424
1061766611
1061839299
1062294517
1062463924
1062475267
1062721017
1063124424
1063420955
1063835111
1063958924
1063986330
1066070892
1066437424
1066802049
1067040517
1068505174
1068654424
1068745830
1068869767
1068879455
1068928017
1069159361
1069162517
1069407361
1069838705
1070276299
1075075174
1075083267
1081414455
1089269049
1092248580
1092354767
1092704924
1093049892
1095609236
1096613955
1096666767
1096751986
1096903674
1096913299
1097098330
1097167705
1097175017
1097339924
1098985517
1100397517
1100457142
1100599580
1100732299
1100798299
1100966642
1101044861
1104430892
1104492705
1104624424
1104673892
1104695955
1104793986
1105023580
1109770517
1109900705
1109958611
1109996455
1110006299
1110063455
1110108486
1110153111
1110192549
1110194799
1110246705
1110250361
1110287705
1110293830
1110341174
1110349736
1110462611
1110801611
1110881455
1111007392
1111097767
1111125174
1112049174
1113333674
1113457986
1113495455
1113617080
1114463111
1114521736
1115377142
1115577830
1115741674
1116078549
1116175330
1117451236
1117594799
1117692455
1117838392
1117858267
1117889580
1117907611
1117923330
1117926767
1117947517
1117950517
1117966330
1117968299
1117979767
1118015642
1118017174
1118026174
1118037330
1118042642
1118050486
1118065892
1118074455
1118082642
1118092924
1118109830
1118114361
1118125674
1118130799
1118148799
1118152549
1118156424
1118174580
1118183767
1118201861
1118215549
1118219517
1118258892
1118260486
1118269799
1118300174
1118305517
1118325361
1118358549
1118443861
1118446611
1118451361
1118625486
1118635549
1118638205
1118853580
1118958517
1118961861
1118968549
1118976986
1119027736
1119030267
1119043142
1119080299
1119101642
1119103830
1119124580
1119153611
1119155580
1119193924
1119203299
1119213674
1119223455
1119247267
1119249392
1119263517
1119267361
1119301517
1119308142
1119329142
1119331549
1119363017
1119401517
1119466642
1119556830
1119589455
1119683205
1119686674
1119817174
1119826111
1120466549
1120607674
1120810830
1121024861
1121059767
1121191799
1121205205
1121270736
1121274580
1121430892
1121436392
1121496080
1121626424
1121717674
1121756174
1121818924
1121918111
1121983517
1122054361
1122099392
1122362205
1122436111
1122458080
1122501767
1122504892
1122580736
1123158674
1123264424
1123426642
1123538705
1124865392
1129582361
1131808611
1131829924
1131913236
1131936986
1131962674
1131966455
1132018611
1132161830
1132173330
1132253830
1132309955
1132314580
1132400580
1132465392
1132538174
1132571549
1132573705
1132635986
1132689986
1133392080
1133403736
1136207799
1136502580
1137809549
1139179299
1139652642
1139903330
1140469830
1140474049
1142641830
1143075861
1143453736
1148641705
1150399299
1150590642
1151393486
1151399424
1151447830
1151467455
1151475236
1151483986
1151497205
1151501017
1151510267
1151530861
1151552674
1151578736
1151580892
1151633455
1151686330
1151709424
1151731830
1151733892
1151766455
1151773767
1151793736
1151808549
1151819517
1151834142
1151837861
1151842642
1151845111
1151855767
1151909861
1151924799
1151928267
1151930705
1151948267
1151970236
1152003767
1152035861
1152076705
1152083736
1152165892
1152183642
1152211986
1152262174
1152279955
1152281861
1152303549
1152313799
1152380017
1152402736
1152457080
1152467017
1152480142
1152504799
1152509299
1152515361
1152525205
1152532580
1152544080
1152571767
1152591267
1152661080
1152670330
1152698517
1152723767
1152749580
1152761580
1153617455
1153886767
1154051955
1154165736
1155027142
1155112486
1155411705
1155521674
1155819111
1155992111
1156097580
1156767892
1156803486
1156829924
1156844455
1156915580
1156956736
1157042392
1157046174
1157080236
1157109142
1157134705
1157155767
1157173017
1157221674
1157239642
1157241736
1157258111
1157277361
1157302486
1157337892
1157340642
1157371642
1157392486
1157401892
1157433205
1157487705
1157549299
1157552736
1157589486
1157591924
1157596017
1157638424
1157658174
1157661955
1157716267
1157722799
1157772924
1157775799
1157833705
1157866424
1157868955
1157920799
1158031361
1158082799
1158158392
1158161517
1158245924
1168304330
1169329049
1169353361
1169391486
1169466924
1169505674
1169539736
1169612830
1169641361
1169733236
1169764361
1169789299
1169791674
1169842611
1169944424
1170002267
1171901174
1171941424
1171969861
1171977080
1171993142
1172066924
1172078736
1172115549
1172128174
1172139830
1172156111
1172160392
1172171830
1172179892
1172193174
1172221705
1172241424
1172248955
1172268486
1172278111
1172296955
1172310236
1172317892
1172352861
1172358111
1172360361
1172381611
1172386674
1172393767
1172412361
1172426549
1172434517
1172457517
1172473142
1172478017
1172490330
1172498111
1172537486
1172551424
1172564205
1172576017
1172582642
1172589861
1172602299
1172626205
1172641330
1172649361
1172662986
1173632767
1173635486
1173661267
1173683580
1173687236
1173719892
1173736799
1173748205
1173778205
1173780580
1173787892
1173812799
1173825455
1173831736
1173854486
1173867392
1173888549
1173892267
1173907142
1173912924
1173921330
1173926236
1173934049
1173949174
1173980549
1173989299
1174007861
1174011767
1174032924
1174083455
1174143361
1174153236
1174169580
1174177205
1174191455
1174252424
1174276955
1174295517
1174357236
1174364017
1174381892
1174391205
1174421736
1174429236
1174520892
1174559049
1174569049
1174593299
1178742299
1178799580
1178906361
1179542736
1181103267
1181131267
1181145111
1181223955
1181228267
1181289549
1181305174
1181328142
1181343642
1181362111
1181365017
1181389111
1181416142
1181428236
1181443205
1181473267
1181485424
1181494736
1181511142
1181514080
1181529455
1181545830
1181551580
1181558611
1181565861
1181581142
1181602611
1181655705
1181717924
1181787611
1181835299
1182045174
1182048799
1182061080
1182088517
1182103017
1182107892
1182128830
1182150924
1182173580
1182237955
1182260486
1182309080
1182314486
1182338799
1182354861
1182454642
1182513205
1182567517
1182719142
1182861736
1182902549
1182905549
1182939767
1182991830
1183020142
1183110486
1183168080
1183393549
1183400455
1183650299
1183655299
1184462924
1184639361
1186834236
1190409892
1191234455
1191274205
1191289205
1191295142
1191313517
1191321674
1191330330
1191339361
1191356549
1191377674
1191382361
1191415361
1191421736
1191439205
1191455611
1191498892
1191508736
1191545080
1191560924
1191564924
1191582080
1191682017
1191707080
1191713705
1191814924
1191848892
1191902142
1191910517
1191942674
1191991205
1191994580
1192044955
1192075455
1192134924
1192174611
1192179205
1192229080
1192231580
1192269549
1192354611
1192396299
1192427142
1192431674
1192480861
1192511142
1192554736
1192557080
1192581861
1192655580
1193338674
1193381986
1193391236
1193405830
1193407924
1193446080
1193449861
1193463642
1193476080
1193497830
1193520330
1193535986
1193580736
1193623424
1193646642
1195783892
1195886205
1199683924
1199716080
1199781861
1199825892
1199863299
1199869767
1202234049
1202285924
1202368299
1202418236
1202452267
1202460861
1202471424
1202480611
1202493517
1202525861
1202549924
1202552517
1202590955
1202631111
1202634142
1202636955
1202664392
1202666830
1202697361
1202742267
1202765924
1204756549
1204796017
1204804361
1204827049
1204858392
1204879205
1204894642
1204915580
1204944080
1204955392
1204972142
1204986986
1205006392
1205021705
1205029486
1205054580
1205072580
1205135142
1205141955
1205296549
1205303080
1206692736
1206758986
1206765955
1206812861
1206852330
1206920830
1206956174
1206959299
1207026986
1207054736
1207072642
1207079736
1207136267
1207166736
1207171017
1207173049
1207194861
1207197267
1208515424
1208535767
1208549174
1208575080
1208618830
1208624549
1208629549
1208654642
1208659705
1209533611
1211139736
1211152361
1211711861
1211731486
1212668580
1212822580
1212989267
1213149142
1213272455
1213475080
1213612455
1213650236
1213652736
1213733736
1213754517
1213808299
1213815174
1213817955
1213837205
1213863017
1213865736
1213882424
1213886299
1213907299
1213911549
1213917455
1213959611
1213975205
1214003267
1214012080
1214019080
1214028892
1214041424
1214054205
1214124549
1214170267
1214248049
1214290424
1214295424
1214310486
1214331017
1214386236
1214388611
1214421424
1214423455
1214470330
1214508986
1214520267
1214525017
1214530611
1214547830
1214564705
1214598642
1214608174
1214615049
1214625986
1214665580
1214716236
1214723142
1214743580
1214761111
1214792549
1214869330
1214872955
1214909017
1214927142
1214952892
1214955517
1215051142
1215055080
1215074267
1215081674
1215099549
1215147736
1215539142
1215544111
1215548580
1215898486
1215942299
1216109830
1216185986
1216310111
1216314111
1216567674
1216653892
1216711455
1216724799
1216750517
1216845174
1216852830
1217043799
1217143330
1217308236
1217366924
1217372486
1217392549
1217446017
1217667642
1217844611
1217991486
1218016361
1218482955
1220270142
1220361705
1220472174
1220525486
1220550830
1220569861
1220683205
1220757799
1220788299
1220793611
1220838424
1220844642
1220880424
1220926049
1221045767
1221081892
1221142767
1221201330
1221235861
1221310455
1221356924
1221447049
1221460236
1221462986
1221496705
1221523174
1221526049
1221649517
1221707267
1221748924
1221817736
1221877549
1223503486
1223570299
1223663674
1223731455
1223807486
1223839955
1223842236
1224524361
1224608830
1224687267
1227234111
1227266955
1227314080
1227335267
1227676330
1227686924
1227754642
1227909580
1228129236
1228464361
1228668330
1230434424
1231486299
1232122892
1232136361
1232647424
1233087830
1233130830
1235918111
1237245330
1238714674
1238754705
1238784267
1238838767
1238855517
1238882174
1238911799
1238919080
1238960392
1238977174
1238990080
1239007549
1239011486
1239024017
1239039236
1239052861
1239065080
1239087705
1239092924
1239113955
1239130142
1239146424
1239183517
1239201986
1239204017
1239255330
1239272892
1239283892
1239292330
1239294580
1239316455
1239333080
1239361517
1239368580
1239718049
1239764455
1239767986
1239803424
1239812892
1239816861
1239840517
1239906392
1239936517
1239938080
1239962267
1239980674
1240017236
1240034299
1240042611
1240051424
1240099299
1241148361
1242782236
1242817611
1242843830
1242856549
1242897486
1242912049
1242933455
1242935611
1242970642
1242997330
1243000299
1243016549
1243023080
1243057799
1243099049
1243160142
1243163361
1243179142
1243182017
1243227111
1243277549
1243285736
1243314924
1243326517
1243353455
1243355955
1243361392
1243402455
1243405111
1243417736
1243420580
1243466611
1243511236
1243513767
1243519861
1243546705
1243549455
1243576924
1243597392
1243639674
1243640955
1243703642
1243746017
1243756267
1243877174
1243984392
1243991361
1244040674
1244048424
1244192611
1248852736
1251487236
1251559517
1251594205
1251909674
1252071017
1252157642
1252193861
1252197799
1252362049
1255716236
1257000924
1257353267
1257711486
1257777205
1257814642
1257914236
1258040580
1258333392
1258565955
1259235267
1264572267
1268683861
1271205392
1271399299
1271431517
1271447392
1271468080
1271475236
1271493267
1271501674
1271529205
1271533705
1271557517
1271564517
1271587830
1271611267
1271613767
1271633736
1271672517
1271685580
1271758142
1271894517
1271898330
1272006330
1272025330
1272295299
1272957924
1273229174
1273309299
1273759892
1273797174
1273831142
1273901799
1273940486
1273942017
1273948580
1274002549
1274050705
1274092392
1274145111
1274147392
1274176642
1274206830
1274224611
1274233674
1274256642
1274287049
1274308017
1274343955
1274357799
1274367736
1274428767
1274477580
1274484486
1274496549
1274523049
1274529299
1274551017
1274558955
1274605674
1274611080
1274658736
1274697986
1274717142
1274761424
1274790236
1274822049
1274826392
1274850330
1274852424
1274859049
1274907424
1274921517
1275006517
1275012142
1275014455
1275032205
1275059017
1275076486
1275092049
1275190580
1275232361
1275235486
1275272892
1275340205
1279105549
1279349267
1279406330
1279646330
1290279799
1290778236
1290837267
1291768517
1292010767
1292980142
1293118361
1293182049
1293302580
1293401299
1293459392
1293469674
1293532080
1293557361
1293742174
1293751892
1293791799
1293805361
1293846361
1293887549
1293924892
1293964424
1294016580
1294027736
1294031955
1294091424
1294104299
1294108767
1294158580
1294161924
1295446861
1295471080
1295559705
1295624705
1295640080
1295694580
1295720017
1295728236
1295736705
1295744955
1295768017
1295787986
1295792767
1295840236
1295845236
1295897267
1295904049
1295915705
1295940611
1295943205
1295984767
1295986861
1295992580
1295995736
1296037205
1296048049
1296051080
1296232049
1296239767
1296396611
1296402080
1296489080
1301373049
1301395642
1301450330
1301458674
1301478611
1301498517
1301516111
1301529955
1301532142
1301575424
1301586517
1301631611
1301645517
1301666392
1301668642
1301678549
1301710924
1301721986
1301732205
1301759830
1301789642
1301847799
1301852642
1301886580
1301951892
1301954705
1302743611
1302794236
1302870236
1306587392
1306842174
1306954705
1307119455
1307177142
1307216142
1307233674
1307317611
1307344111
1307373236
1307398205
1307585767
1307665924
1307669642
1307818205
1307892767
1308239580
1308484236
1309850611
1309891486
1309939861
1309960892
1309984486
1310003767
1310049080
1310330611
1310334205
1311608205
1311693767
1311731830
1311742017
1311759392
1311763830
1311795924
1311819799
1311830642
1311846392
1311852642
1311875049
1311908861
1311923455
1311944580
1311950736
1311962174
1311972736
1312006174
1312008486
1312017205
1312024017
1312039611
1312046361
1312061830
1312076361
1312166580
1312199611
1312246236
1312257642
1312264111
1312286830
1312291330
1312309736
1312328080
1312354330
1312398955
1312460080
1312465017
1312495424
1312649549
1312713205
1312715986
1312718049
1312791674
1312893017
1312896861
1312993767
1312998642
1313044830
1313094892
1313097361
1313101361
1313159674
1313161892
1313260955
1313263236
1313266424
1313290049
1313292361
1313295017
1313341861
1313352455
1313354767
1313390111
1313392674
1313446424
1313451767
1313493549
1313556455
1313567174
1313589174
1313609142
1313611861
1313654986
1313660767
1313666517
1313699799
1313709767
1313754767
1313787111
1313826986
1313853299
1313865549
1313947986
1313979174
1313998455
1314021611
1314333861
1314339330
1314410361
1314543330
1314548767
1314552049
1314617330
1314620049
1314711205
1314772861
1314811674
1314822736
1314832080
1314841174
1314865705
1314872330
1314877017
1314908267
1314944705
1314951674
1314960736
1314966892
1315006611
1315057830
1315085236
1315095861
1315136142
1315151611
1315180392
1315218455
1315222799
1315280861
1315286955
1315319080
1315379799
1315436892
1315546705
1315580330
1315679642
1315769736
1315773830
1315776955
1315869924
1315873424
1315877424
1315961549
1315963736
1315967986
1316039299
1316084674
1316087236
1316113955
1316116736
1316147142
1316192986
1316251830
1316255080
1316259361
1316304017
1316332205
1316369017
1316425517
1316428830
1316432424
1316493174
1316576830
1316642549
1316689767
1316693361
1316745080
1316802017
1316808017
1316955986
1316959299
1316982267
1317699455
1317706955
1317709611
1317803674
1317862924
1317949549
1317984799
1317987705
1318139611
1318142642
1318146580
1318218017
1318220330
1318226142
1318299705
1318302299
1318307424
1318407705
1318412361
1318417986
1318448486
1318453674
1318508861
1318560642
1318569674
1318571924
1318617924
1318623799
1318677299
1318776299
1318779861
1318812142
1318850455
1318867767
1318899361
1318930830
1318963549
1318972955
1319069736
1319089986
1319107955
1319127205
1319152049
1319172236
1319199267
1319290486
1319320017
1319407486
1319427892
1319458330
1319511736
1319574642
1319589424
1319649486
1319713205
1319869424
1320118861
1320125111
1320164111
1320203080
1320260830
1320368580
1320432486
1320478736
1320537830
1320539924
1320551611
1320559111
1320570080
1320594174
1320618236
1320690330
1320713455
1320746330
1320771486
1320788236
1320795299
1320832267
1320922017
1321170455
1321341955
1321345955
1321501767
1321599611
1321607517
1321655080
1321673267
1321692611
1321697830
1321758236
1321828330
1321870861
1321888549
1321941142
1322026674
1322041017
1322047205
1322442892
1323342767
1323414080
1323511955
1323600455
1323785330
1324387642
1324409330
1324421924
1324430799
1324462830
1324490455
1324557486
1324568642
1324654455
1325006861
1325921674
1326833330
1326864205
1327097486
1327124924
1327562580
1327672892
1327697611
1327821517
1327912299
1334681986
1334903955
1334913174
1334967424
1335583986
1336271080
1337217392
1337244611
1337736267
1337987142
1338190017
1339184830
1339588861
1339703924
1339756080
1340419986
1340563392
1340820361
1341226924
1348257330
1349535892
1349668392
1350980955
1351049486
1351068486
1351110767
1351130142
1351132892
1351147611
1351182549
1351196736
1351203424
1351230767
1351263267
1351277861
1351313986
1351324455
1351350861
1351368611
1351409299
1351435080
1351454361
1351458955
1351477049
1351500705
1351503517
1351528330
1351548674
1351586486
1351628299
1351676267
1351709830
1351761424
1351785642
1351830955
1351865142
1351910955
1351964736
1351981424
1352050986
1352074674
1352095267
1352128549
1352150455
1352179924
1352188924
1352304642
1352308486
1352368017
1352413392
1352415861
1352466142
1352468861
1352536580
1352540361
1352629705
1352721517
1352724049
1352816330
1352883455
1352885924
1352950892
1353018830
1353057455
1353066049
1353095330
1353153892
1353158455
1353162486
1353223642
1353228392
1353250017
1353310142
1353374486
1353406392
1353461486
1353469205
1353493236
1353525361
1353529267
1353549392
1353552955
1353559892
1353598736
1353618267
1353624517
1353704111
1353707736
1353743861
1353783892
1353798174
1353822674
1353907549
1353923330
1353990549
1354016861
1354038799
1354040986
1354140767
1354199455
1354258861
1354330736
1354369236
1354386517
1354413892
1354456205
1354473736
1354496955
1354534517
1354546142
1354589205
1354612424
1354646236
1354648642
1354679111
1354689674
1354753486
1354842830
1354899924
1354911549
1354958955
1355162892
1355225455
1355246674
1355268236
1355376424
1355432424
1355441267
1355482642
1355530455
1355598549
1355604486
1355645517
1355724580
1355755361
1355799361
1355826736
1355933861
1355977549
1355996236
1356023174
1356077330
1356172049
1356200955
1356203955
1356273142
1356317174
1356437017
1356441830
1356467392
1356479111
1357541486
1357553642
1357583299
1357617361
1357670705
1358002580
1358013049
1358030142
1358040330
1358098924
1358118830
1358172392
1358237111
1358239486
1358296392
1358335986
1358340736
1358365267
1358416799
1358452799
1358459986
1358528892
1358538049
1358562267
1358591080
1358637236
1358688424
1358734361
1358869111
1358988924
1359011736
1359042205
1359270674
1359401830
1359495549
1359541455
1359581986
1359610642
1359702580
1359781017
1359829830
1359882205
1359973486
1360155236
1360307955
1360370580
1360398049
1361390830
1393208392
1393693955
1393732174
1394204236
1394876986
1395003580
1396037361
1396243549
1396349142
1396369267
1400797111
1401337767
1401438611
1401594705
1401628986
1401664361
1401737580
1402841861
1402968299
1404751924
1404836174
1404951299
1405220424
1405340986
1417933830
1417943517
1418004767
1418126986
1418357267
1418408767
1418451142
1418689767
1418892330
1420215236
1420218174
1420243924
1420264517
1420277174
1420295767
1420308424
1420345049
1420366299
1420393580
1420407517
1420417549
1420459455
1420466861
1420515705
1420571142
1420574424
1420840299
1420871580
1420944142
1420948517
1421092392
1421152955
1421155142
1421211330
1421838486
1423215392
1423668111
1423706924
1423759861
1423777486
1423814580
1423817361
1423837017
1423849455
1423869142
1423904861
1423917142
1423938924
1423942611
1423986205
1424018830
1424025580
1424052767
1424227830
1424675861
1429763767
1430035330
1430228017
1431856674
1431887736
1431911767
1431932205
1431963080
1432028455
1432045517
1432049674
1432076049
1432108267
1432633236
1432776955
1432794767
1432817174
1432838861
1432847767
1432861299
1432863861
1432882861
1432899205
1432909736
1432948767
1434054736
1434064080
1436121955
1436180580
1436228799
1436233549
1436337424
1436347674
1436387486
1436520955
1436838580
1437039330
1437064049
1437144361
1437243892
1437271424
1437300611
1437331799
1437334580
1441919174
1441952049
1441988517
1441997424
1442003799
1442013517
1442032330
1442055580
1442067486
1442081455
1442087674
1442097705
1442133142
1442156517
1442165424
1442182986
1442193299
1442222892
1442244142
1442258705
1442272455
1442298174
1442306580
1442314892
1442344986
1442366955
1442386924
1442395424
1442431455
1442492486
1442539267
1442571330
1442576549
1442617642
1442654767
1442659049
1442700955
1442739486
1442752611
1442769861
1442777455
1442781017
1442799830
1442803892
1442805642
1442816299
1442819892
1442822267
1442856767
1442864236
1442873392
1442885486
1442895330
1442922767
1442980642
1442992767
1443115080
1443165361
1443169174
1443175611
1443186986
1443208767
1443258924
1443303611
1443313361
1443325705
1443339142
1443351642
1443402767
1443414111
1443431111
1443446674
1443455705
1443485424
1443530361
1443572767
1443595861
1443667424
1443686705
1443725767
1443750080
1443828299
1443837674
1443854236
1443886392
1443898580
1443924142
1443963580
1443969611
1443993611
1444020674
1444064549
1444114174
1444126049
1444180799
1444239299
1444324861
1444372642
1444481549
1444535111
1444630330
1444637236
1444791892
1444828486
1444846330
1444888111
1444894486
1444901142
1444966830
1444973049
1444989267
1445005674
1445027986
1445084455
1445301142
1445329736
1445332642
1445438142
1445573517
1445703986
1445708392
1445778392
1445826767
1445828892
1445837017
1445850424
1445861549
1445875705
1445894705
1445974142
1446120142
1446180455
1446189986
1446242455
1446254142
1446276955
1446283392
1446346111
1446368455
1446438330
1446574174
1446584549
1446589267
1446663299
1446711830
1446876924
1447048517
1447051205
1447126767
1447129986
1447278017
1447355986
1447361142
1447424986
1447482455
1447486142
1447670111
1447704174
1447727955
1447791017
1447891642
1448023142
1448065986
1448079642
1448202361
1448239486
1448269611
1448296111
1448331861
1448419142
1448481361
1448551080
1448588955
1448609830
1448682924
1448780361
1448937580
1448992986
1449121330
1449150486
1449160080
1449163892
1449198330
1449288361
1449328424
1449380424
1449383799
1449454642
1449458642
1449464080
1449499267
1449513424
1449572580
1449576455
1449596861
1449660830
1449732517
1449742736
1449814705
1449887580
1449963517
1449967299
1450013455
1450028486
1450096799
1450135549
1450181299
1450211017
1450216267
1450270049
1450436580
1450547517
1450573986
1450603424
1450669830
1450815486
1450824174
1450838299
1450860392
1450881736
1450959517
1451010580
1451103549
1451221205
1451227955
1451386830
1451405799
1451592611
1451629674
1451739330
1451746517
1452124361
1452126674
1452192892
1452203080
1452204799
1452370924
1452409049
1452434330
1452462080
1452603986
1452713424
1452739986
1452765892
1452821486
1452845142
1452885142
1452933080
1452989767
1452999924
1453009642
1453043611
1453184517
1453364486
1453393392
1453521174
1453556174
1453643392
1453669392
1453803142
1453807017
1453879580
1453882736
1454009580
1454026674
1454158517
1454166486
1454250674
1454302455
1454351799
1454424517
1454430549
1454538611
1454563892
1454572955
1454594486
1454785830
1454895830
1455036830
1455044174
1455077674
1455219767
1455286611
1455329486
1455356705
1455369424
1455372799
1455383642
1455640517
1455685830
1455757924
1455871892
1455875424
1455975299
1456061580
1456139361
1456172049
1456214486
1456255642
1456261361
1456302892
1456348424
1456366299
1456436674
1456442486
1456478986
1456532799
1456782924
1456860017
1456875330
1456925892
1456961392
1456990580
1457033267
1457150330
1457197611
1457240049
1457343642
1457346392
1457443236
1457509236
1457608580
1457655705
1457683674
1457702111
1457774986
1457813080
1457837549
1457969455
1458078267
1458118049
1458611705
1458618330
1460317455
1461779705
1462309955
1462353799
1462421924
1462586892
1463165299
1463829861
1464878549
1465028111
1465205924
1465251111
1465386924
1465619267
1465885330
1466076799
1466165549
1466171049
1466174549
1466367955
1466475361
1466530392
1466577049
1467060205
1467103236
1467156674
1467385611
1467393330
1467589142
1467666674
1467795517
1467967486
1468278799
1469021705
1469028174
1469123892
1469179767
1469272830
1469392892
1469424580
1469487924
1469542267
1469551424
1469632205
1469773705
1469969705
1470064611
1470176174
1470502267
1470641799
1470771049
1470933892
1471103580
1471137486
1471209580
1471261330
1471346736
1471697861
1471848642
1471977861
1471987330
1472013549
1472336267
1472521986
1472699017
1472726080
1472781580
1472849361
1472927392
1473123174
1473191205
1473260924
1473424392
1473758049
1473839924
1473998892
1474008674
1474069267
1474195549
1474288705
1474500080
1474712705
1475009861
1475057580
1475091674
1475261049
1475471830
1475661924
1475771799
1475776955
1475852142
1476000267
1476048424
1476126486
1476279861
1476380017
1476397830
1476640611
1476771924
1476994767
1477116455
1477422205
1477997611
1478069299
1478238330
1481592611
1481655517
1481717174
1482767986
1482775642
1482850830
1482911861
1483005830
1483119111
1483124892
1483185642
1483208986
1483232205
1483291736
1483327111
1483331486
1483338767
1483368142
1483496392
1483787236
1483891799
1483897174
1483987517
1484105549
1484136861
1484154424
1484332392
1484489330
1484673330
1484675736
1484698330
1484957580
1484979767
1485079049
1485082455
1485199799
1485618236
1485740580
1486204267
1486218267
1486311799
1486509986
1486553049
1486665924
1486697330
1486725267
1486800642
1486833205
1487005142
1487040111
1487064111
1487108830
1487161517
1487381955
1487454455
1487463017
1487499361
1487505924
1487520611
1487528267
1487568330
1487622799
1488315955
1490559580
1493725580
1494182830
1495076049
1495362049
1495707955
1496343080
1496501017
1497697830
1497800267
1497823955
1497859392
1497956642
1498031549
1498037392
1498100767
1498200080
1498271924
1498285174
1498298049
1498334674
1498353611
1498455236
1498475892
1498591986
1498626767
1498670205
1498698549
1498738111
1498742549
1498788236
1498794955
1498916861
1498971392
1499068236
1499256580
1499461080
1499506642
1499527080
1499938424
1500505486
1500571174
1500710924
1507429549
1507455767
1507698455
1510152580
1510160017
1510168080
1510196674
1510209330
1510217361
1510231299
1510243205
1510256330
1510265205
1510271080
1510327392
1510379174
1510462799
1510485424
1510512892
1510533017
1510560986
1510578549
1510605455
1510632642
1510721986
1510795017
1510819986
1510859705
1510901549
1510915549
1510931799
1510934424
1510946924
1510970424
1510995049
1510998767
1511024111
1511043330
1511051236
1511081986
1511084611
1511863580
1511872017
1511935736
1511939549
1519357080
1519710767
1520211174
1520402111
1520446549
1520502486
1520547611
1520562705
1520639955
1520656611
1520890955
1521034736
1521234392
1521323924
1521412517
1521484674
1521620142
1523246736
1523286299
1523368080
1523380580
1523406361
1523424580
1523431455
1523451455
1523492486
1523499017
1523509080
1523514955
1523537955
1523550111
1523569330
1523588424
1523622267
1523644392
1523671517
1523708986
1523719736
1523736392
1523739924
1523747455
1523764236
1523779861
1523793580
1523801267
1523812267
1523823455
1523829392
1523847111
1523899986
1523921236
1523954080
1523998611
1524016080
1524023674
1524043986
1524062080
1524067392
1524100174
1524109017
1524153580
1524221142
1524248611
1524276205
1524285642
1524303705
1524329799
1524341799
1524398142
1524401017
1524413080
1524416236
1533548705
1533673017
1535059486
1535360767
1536574174
1536616142
1536620736
1536674361
1536699830
1536968267
1537078799
1537168642
1537233580
1537264642
1540237049
1540293549
1540399205
1540419955
1540428330
1540431049
1540446955
1540527799
1540533799
1540592799
1540659455
1540673705
1540738455
1540794799
1540945705
1541059330
1541142955
1541216861
1541246236
1541286392
1541295674
1541308142
1541320580
1541324330
1541358330
1541380549
1541385924
1541396580
1541401642
1541413549
1541427924
1541442361
1541513611
1541516517
1545384174
1545454455
1545522111
1545533142
1545553736
1545575080
1545590611
1545647611
1545689830
1545706611
1545728299
1545754517
1545759111
1545777767
1545796111
1545824236
1545857424
1545869830
1545876799
1545898142
1545906767
1545961486
1546072924
1546155861
1546371674
1546465517
1550394049
1550403267
1550466924
1550479236
1550495549
1550507299
1550544142
1550576517
1550591205
1550643642
1550665017
1550694330
1550747642
1550751642
1550784080
1550802861
1550879361
1550904830
1550907799
1550974799
1551048986
1551172517
1551363392
1551782830
1551803799
1551837674
1551848611
1551864611
1551871267
1551881455
1551899986
1551904205
1551914705
1551923236
1551939174
1551951455
1551965580
1551982392
1552001049
1552020017
1552030299
1552062455
1552076924
1552100299
1552113580
1552121267
1552144080
1552148486
1552157767
1552178017
1552192580
1552260767
1552362392
1552366330
1552425580
1552504486
1552560142
1552620611
1552711549
1552716205
1552775392
1552797236
1552800174
1552825299
1552842924
1552847611
1552876674
1552953049
1552998674
1553121986
1553139517
1553167986
1553173361
1553188049
1553234017
1553274924
1553309080
1553325736
1553367674
1553391924
1553403017
1553412267
1553449674
1553490799
1553503299
1553536517
1553563674
1553587580
1553604017
1553625549
1553820799
1553828642
1553846080
1553851236
1553884549
1554133142
1554220392
1554254549
1554285830
1554355080
1554358580
1554459017
1554581924
1554612174
1554673361
1554678080
1554975330
1554994142
1554997705
1555080924
1555136205
1555138674
1555152549
1555186361
1555221424
1555224361
1555268142
1555300361
1555382080
1555386361
1555420549
1555424205
1555506549
1555512611
1555528267
1555728330
1555787674
1555815111
1555842611
1555967642
1556071517
1556094049
1556102705
1556121111
1556128205
1556143830
1556152236
1556168142
1556183017
1556232799
1556284674
1556420330
1556473549
1556513986
1556575517
1556622080
1556697674
1556880361
1556963861
1556966955
1556970642
1556988736
1557009142
1557033174
1557057111
1557073549
1557118705
1557134174
1557206861
1557243174
1557330924
1557365486
1557388330
1557451674
1557555486
1557631611
1557678674
1557682611
1557755049
1557784955
1557819955
1557849080
1557877424
1557912611
1557964267
1558003361
1558006830
1558048424
1558136361
1558139580
1558172955
1558181455
1558189799
1558304361
1558335517
1558341642
1558420674
1558661486
1559383924
1559619299
1560036299
1560065830
1562068424
1564859705
1564867517
1566841861
1568113424
1568204705
1568265486
1568285236
1568323424
1568353017
1568369861
1568377486
1568415736
1568418892
1568451892
1568476142
1568481080
1568511705
1568572486
1568579142
1568611986
1570040330
1573376705
1573427892
1573582799
1573659330
1573763549
1573781205
