156766594
156884313
157082875
157328657
168096250
168121125
168148875
168180094
168334750
168761500
168835469
168910875
169711032
169765750
169778094
169810907
169817344
169826063
169875282
169882188
169916563
169950813
186936563
190192532
190233125
196056969
198011844
198347344
198391407
198471594
198491469
200880407
201425157
201550532
201661844
201724157
202344250
204514969
204532313
204621719
205870469
205985157
206183063
206224782
206244907
206258000
206275813
206375250
206400188
206433469
206467094
206486282
206501719
206527094
206554750
206710313
206804282
206859563
206961688
206978250
206999219
207016000
207143188
208151000
208482938
208571750
208646719
208787688
208814438
208862969
208916313
209091938
209234688
209434313
209543125
210229500
210348188
210487407
210716750
210834657
210896250
210933375
211113344
211146188
211179063
211208969
211322282
211370782
211599000
211831344
211854313
211912407
211930938
211950625
211988625
212020625
212050782
212086844
212106375
212147782
212158094
212175125
212181032
212222407
212258907
212427469
212455063
212474313
212514250
212544032
212566032
212595657
212602000
213001782
213182125
213269094
213328500
213413188
213458594
213513282
213531688
213567032
213630500
213676625
213687032
213705219
213741375
213755875
213771188
213777969
213858000
214121000
215911157
219884563
220833125
222093782
222113125
222132938
222160250
222180282
223038000
223251500
223357250
223383188
223394157
223406375
223605250
223701532
225123219
227326094
237233688
237320719
237339000
237377063
237402813
237457688
237603594
237630594
237635969
237644969
237690032
237722032
237738563
237821750
237844094
237894625
237899719
237909907
237924875
238065750
238125188
238645813
240313407
240474219
240600188
240750282
241061032
241203250
241281313
241323125
241566907
241578469
241593782
241640563
241809344
241865063
241901750
244581750
244919782
245044000
245387188
245478219
245796469
246263500
246576532
247009438
247272375
247391282
248157594
248401969
249918094
250644313
250879032
251318594
254888000
255602813
255740219
255806063
255830407
255907250
256119438
256212969
256298844
256441219
257219219
257259375
257303813
257345282
257558625
259067594
259181282
259292094
259429125
260188750
260293719
261036344
261077375
261288563
261767719
263013594
265748063
269840157
269887000
269968625
270016094
270103188
270152844
270291688
270390875
270502188
270630125
270719875
270912469
270965625
271473907
271545313
271585875
271669688
272515844
272620532
272672907
272763344
272987907
273191407
273297407
273426250
273543657
273638782
273787875
273993532
274152282
274408469
274734563
275125063
275174313
275888313
275970094
277122250
277507594
282081688
282102625
282177563
282273282
282326688
282352032
282374344
282442438
282526313
282576375
282613688
282840188
282876719
282901969
282933688
282955594
282982719
283028500
283153969
283239938
285024844
285287657
285377469
285473469
286583875
286894719
289973219
290196063
290337938
290619000
290690532
290770438
292000844
294769344
297280157
297321969
297347375
297396250
297628969
301326719
301586688
301610782
301880344
302168594
304139250
304645407
304933688
305038563
305178907
306528532
306544875
306566688
306612844
306640563
306654407
306746563
306756063
306772938
306797219
306807500
306815094
306822375
306841750
306847282
306862282
306881907
306890000
306900188
306910375
306922657
306984532
307026938
307060657
307069188
307109063
307121625
307171469
307196407
307252594
307295688
307385844
307420000
307515813
307528688
307592125
307635219
307791907
307814969
307833032
308813907
308843563
308860782
308887907
308910375
308920719
308973938
309046688
309076563
309164063
330487344
330644782
334120532
334163407
334194969
334239125
334296157
334320594
334364813
334389657
334414625
334422250
334461594
334490500
334506750
334538032
334586875
334622844
334665094
334677032
334704688
334719813
334758469
334787688
334816157
334857625
334914594
334977875
335033250
335088063
335260969
335348813
335627657
335910313
336050032
336110344
336270219
336393907
336434500
336735094
337038250
337213375
337426344
337749063
337865469
338008657
338674719
340043469
340324844
341247813
341298782
341329813
341350344
341378000
341449844
341488250
341641969
341755469
342296844
342540125
342876844
342913782
342959969
342990063
343047438
343166844
343496750
343773907
343975750
344043500
344629844
344736094
344855282
345036594
345062532
345078344
345125532
346372844
346580625
346707875
346779500
346845375
346916032
346980688
347034344
347166250
347245344
347452407
347494969
347555188
347657969
347718438
347782719
347833719
347956657
348109219
348132782
348172969
348225782
348519063
348594063
348707500
348935688
348985875
350250219
350478469
350899938
356516282
360049282
360342813
360393032
360487344
361504563
361555969
361601063
361648125
361671125
361707344
361810688
362141875
363111782
363174657
363241469
363315219
363376125
363399063
363446000
363469157
363479907
363497844
363514969
363538469
363554907
363561469
363589125
363604563
363644407
363667625
363681438
363759938
363768625
363783313
363793469
363806907
363830782
363871282
363960594
363999219
364087032
364199719
364579719
364650719
364670407
364696000
364712750
364724844
364774344
364793563
364826344
364852000
364883250
364911282
364950157
364965407
364987313
365034188
365042688
365101750
365152688
365159750
365171219
365273907
365300594
365332875
365354407
365404625
365472375
365644125
365807938
365890532
365990219
366170907
366247688
366271907
366314032
366359782
366403625
366439282
366447094
366476969
366504907
366548719
366589094
366603188
366636938
366711063
366747250
366797032
366857000
366913594
366986063
367036907
367053438
367089438
367139282
367191782
367236407
367283094
372259563
373076063
375827344
375895969
376093032
376724407
376845125
377111688
380136594
380701500
380760375
380856500
381033875
381616469
383299125
383570219
384065313
386559313
386630188
391144813
391189250
391268625
391326813
391431469
391598969
391705219
391792625
391967407
392208407
392275500
392400719
392446469
393164063
393213125
393495094
393574188
393689375
393842000
393953782
394016094
394288407
394386813
394705844
394811907
395285813
395443594
396036344
397827344
397936188
398031125
398094625
398247375
398321344
398460938
398488938
398569188
398726188
398787625
398908875
398966750
399025000
399105375
399146313
399184594
399207594
399249344
399291219
399402438
399828563
399882313
399927782
400002125
400103813
400154813
400260344
400793563
400843532
400875969
400892969
400991875
401052407
401134688
401277125
401310094
401343313
401452469
401478188
401519219
401601313
401706532
401954688
403050375
403192688
404012782
404554563
404651875
404852219
404922157
404951282
404983407
405110844
405300188
405683750
406548282
407065500
407281438
419361782
419494625
419857813
420714344
421221813
425407250
425813938
425900875
427403875
431289844
434176125
448040750
451161094
452379938
455741907
455852282
455934500
455988813
456936719
458897344
459077125
464908500
464946782
465033532
465114188
465194969
465288938
465328000
465414625
465781938
465868813
465944063
465979563
466052157
466195344
466346657
466749282
466905875
467165219
467219344
467336375
467430313
467489094
468935344
469251344
469316282
469423063
472082282
472178125
472707938
473513719
473842719
473952344
474050563
474193688
474292063
474338094
475033563
475066250
475290032
475440750
475500438
475648532
483758469
483862313
485391188
485619438
486116157
486152438
486194813
486294625
486687688
486735094
486828719
488468157
490243282
491170719
491239719
491420875
491452344
491507125
491582594
491674844
491715719
491773125
491826719
492481625
492599750
494043157
496261438
497051344
497329282
497583688
498388750
498477938
498635500
498760844
498828719
498989969
500491938
500725688
500747250
500764532
500963375
501008250
501768407
502067000
502155938
502342344
502417282
502544375
503199032
503322969
503867407
504713469
504792063
504869219
504935688
504964438
511150875
511250813
511409125
511501032
511520407
511851438
512002594
512581032
512643219
512821750
512890219
513422375
513513375
513601844
513649344
513837469
514146750
514215969
514389094
514584157
514647750
514817719
514881907
514974313
515035657
515206844
515333125
515540188
515659188
515844032
516219532
516526719
516545125
516630813
517330500
518072782
518150375
518455407
519470032
520341000
521879094
525364532
525385750
525413844
525466219
525492719
525514313
525563000
525608032
525627500
525666657
525880813
525923094
526007250
526058594
526162157
526299063
526437469
526464157
526503844
526564875
527216719
527234375
527288282
527362375
527393532
527458782
527502094
527528969
527544688
527623532
527702250
528199407
528281032
529117782
530189063
530789750
531245969
531328625
531447907
531818532
531925000
532145438
532214594
532260407
532308157
532451219
532512688
532696063
532755219
532961094
533017375
533095844
533133344
533155688
533227594
533243813
533295125
533309500
533344344
533395157
533464625
533529719
533757438
533799625
533836438
533913625
533986563
534047657
534119500
534184969
534212188
534236438
534252563
534262782
534271813
534290438
534299157
534307719
534316250
534357219
534387469
534401532
534413063
534441032
534447875
534466313
534481375
534502750
534533813
534542657
534553813
534563625
534579594
534593407
534625938
534634032
534657844
534668032
534683407
534728688
534739969
534760750
534786094
534839344
534858813
534873907
534915657
534954313
534975969
535020125
535074844
535148969
535296063
535382375
535439532
535480907
535520750
535541219
535563469
535579188
535655782
535775907
535805157
535883250
535915250
535935438
535962094
535993313
536023625
536056625
536090375
536127625
536208625
536264938
536288094
536319625
536362032
536413344
536462282
536495032
536533250
536550625
536564750
536590125
536595844
536602875
536639032
536764469
536802563
536844344
536871719
536892875
536945938
536972375
536985750
537002219
537089938
537345625
540312375
546163313
548724313
548775907
548855719
548957907
548991782
549036125
549216375
549518719
551351438
552070813
552638313
552924219
552955782
553075969
553194969
553300563
553353844
553402094
553526969
554650438
554805594
554939313
555214282
555311532
555353594
555368063
555521438
555555907
555635407
555654125
555679094
555971094
556077063
556143063
556306532
556370094
556391188
556471750
557045407
559281032
559601719
559913813
560162157
560288813
560473875
560530688
560650938
560696625
560958813
561007438
561128344
561240282
561433313
561481500
561529750
561760438
561937375
572677313
572773407
572859438
579389188
579431250
579490907
579903625
579990750
580127844
580804813
583209813
584875969
585089782
585153125
585218063
585246500
585275125
585337625
585402938
585431688
585468375
585526563
585545344
585598782
585642594
585715032
585762813
585834032
585877719
587011407
587102938
590608125
590859969
591101344
591693250
594539219
605868188
606602719
606850469
606860032
608476532
623546594
624076375
628615438
628715532
628939532
630053063
632318625
633062313
633243719
633331469
635346063
635393282
635807250
635881813
635940657
635985250
636040000
636081219
636148969
636221782
636348407
636440032
636502844
636601532
636643938
636687032
636832094
636962907
637248313
637318750
637526375
637682157
637741625
638243938
638551813
638737469
640289969
640483844
640544813
640635157
641036907
641379750
642008594
642158844
642394438
645703813
647268407
647874813
647950407
648265844
650269750
650384063
650427282
652137688
652545157
652950719
653273500
653519532
653668688
654963125
655669250
655965032
656423094
656549688
657567469
657633907
658432938
659420250
659468375
659572063
660524157
660836813
671140563
671642125
672939188
673055719
673118688
673224657
673397532
673629094
674163157
674254375
674915375
675002657
675040282
675064094
675138438
675155938
675211938
675251594
675315594
675351688
675396625
675564344
675606094
675673157
675758532
677941344
677982688
678017344
678144000
678208469
678289344
678313719
678359813
678720032
679199438
679244157
679289875
679393563
679429032
679485125
679539250
679605907
679651438
679702938
679763969
679850688
680636469
680679407
680863594
680924938
681790844
682631938
683468000
684094250
684683250
685291407
685395313
685578032
685683782
685845907
686208219
686235313
686426250
686451219
686480063
686594938
687019625
687229344
687280750
687352219
687414500
687906907
689106813
689365907
689816032
689917563
690211000
690242657
690369282
690449188
690583750
690639094
690764875
690942844
690979688
691568688
692310375
692618375
692746844
694152563
702984094
705444563
707334438
708697188
709606282
710974032
713987282
714463375
714644813
715936750
716027125
716188532
716709782
716805688
718188813
718281844
718379813
718504469
718939969
719123157
719219750
728267469
728420157
728485594
728536625
733695375
733709782
733812750
733854688
734095563
734666688
734752344
734842844
734923500
735020688
735252938
735325344
735463438
735559469
735824438
739701375
739788094
739886813
740257469
757406500
758681782
759012688
759091282
759150157
759184563
760286344
760343500
760376750
760445125
760783469
760884282
760925938
760980594
761010219
761131344
761211688
761403500
761484094
761568594
762413125
762516907
762603094
762648969
762754282
762818688
762904782
762947625
762971282
763095500
763128657
763265500
763411688
763642844
763693782
763728282
763809500
763835782
763905563
764221938
764677063
764755157
765018125
765054657
765080844
765172532
765226782
765291688
765322250
765452094
765518219
765558688
765576532
765635875
765679500
765704969
765757782
765795500
765816438
765844782
765898938
765943344
766012657
766059250
766084532
766123282
766184250
767188750
767369750
767713282
767914657
767947969
767962875
767974688
768022125
768060282
768070094
768083907
768103157
768116532
768134157
768140563
768154438
768163469
768183000
768209907
768241907
768300563
768320407
768369438
768402282
768661032
768830407
768928813
768982594
769059688
769316813
779911782
779947563
779987813
780024125
780074594
780122782
780218094
780255032
780413282
780495375
780534875
780672907
780870219
780984125
781019563
781066782
781127032
781185563
781240500
781254157
781320938
781372500
781413625
781536469
781598875
781698032
781798875
781846282
781861344
781924063
781936125
781987469
782038500
782083625
782096469
782148469
782178125
782232313
782278219
782334500
782385782
782454657
782477594
782504532
782523813
782644219
783105813
783307532
783538438
783620313
783649844
783663875
783918844
784353157
784391375
784779688
785457782
786689219
786772625
789752219
789799469
790995938
791270657
794719032
795265000
796727813
798063032
798150157
798310500
798375219
798505313
798558157
798622594
798666375
798728875
798747750
798795844
798910594
799100844
799138063
799213719
799555625
799601532
799646000
799852219
800312875
800476282
800518344
800976375
801009625
801365782
803776844
804537875
805072063
805104563
805179250
807931532
807989969
808035844
808069500
808177782
808252625
808422500
808514032
808589000
808609907
808683000
808742032
808930969
809404563
809471188
809545657
809637844
809754344
809791125
809852532
809922688
809987375
810031219
810055282
810090125
810192250
810293750
810337219
810409907
810441344
810484219
810648719
810709782
810780313
810840063
810987438
811100500
811330407
811396157
811525719
811597282
811788313
811937500
811957969
812027875
812078282
812184250
812282157
812630438
813011157
813184782
815476532
815518313
816040657
816245438
816375750
816414032
816590125
816950000
817072594
817429344
817877438
817905750
817987844
818893907
818938219
818955532
818979469
819006813
819061344
819091500
819115719
819157032
819189063
819199313
819232063
819265313
819290125
819309844
819397282
819481094
819635782
819745844
819828407
819904532
819964000
820105469
820211938
820555157
821957594
821991125
822016000
822052938
822077250
822119938
822136875
822183938
822214282
822264813
822700907
822930813
822990500
823023250
823054875
823081657
823098000
823121219
823130188
823146688
823171344
823177500
823186032
823193219
823208032
823214844
823221469
823245688
823254094
823261938
823315500
823324594
823335469
823347969
823369125
823388657
823399938
823423719
823432719
823447375
823486875
823566344
823593907
824007375
824079844
824107500
824130219
824210344
824278125
824409000
824441188
824472094
824504250
824576125
824631782
824682563
824705969
824747625
824765157
824823625
824838657
824867157
824893407
824919844
824944032
825007094
825143500
825241157
825353938
825409157
825490938
825528969
825590313
825621375
825633813
825643938
825659500
825676907
825717000
825724719
825754563
825770938
825782657
825816407
825823969
825838000
825872313
825895250
825921907
825984250
826001875
826063032
826072407
826089719
826116969
826128407
826236688
826275907
826368657
826446313
826536782
826584938
826649313
826693813
826860250
827021000
827114344
827212469
827600219
827638000
827700657
827750907
827806063
827879032
827957750
827975157
828049594
828076407
828127532
828179563
828244438
828357938
828520250
828586875
828662969
829221219
829355438
829438750
829533532
829625782
829848344
830095157
830310625
830677469
830804875
830870657
830919938
830974469
831053625
831292375
831511719
831697563
831724375
831752282
831863407
831874063
831929125
832126532
832195782
832813782
832825125
832859000
832871532
833111938
833540125
833594282
833945532
833957469
833971438
833991782
834085157
834278782
834479375
834985219
835179532
835517469
835538407
835999719
836051125
836101313
836129188
836302313
836516438
836854219
836947750
837583750
837770657
839562844
839638844
840721563
840799719
841947844
850995657
851021750
851048907
851195594
851227563
851261219
851292907
851335375
851470688
851521594
851576532
853344844
853486063
853519469
854171188
854227750
855037438
855136282
855753094
855777500
856086125
856248532
856287813
856300407
856318500
856339250
856366157
856483250
856945032
857133313
857210625
857234625
857266657
857275000
857698782
857741375
857850407
857863719
857901219
858040250
858590688
858671844
859736813
859801875
860892313
863224875
863384313
875256844
875530188
877669094
877951157
878089344
879599750
879697188
879742032
879800844
879858500
881036063
881103907
881311282
881340313
885080875
886536188
887726500
888062813
889005250
889117032
890732313
890762719
890919094
890974188
891011250
891225688
891342438
891406594
891524594
891634313
891773032
892026032
892069125
892133938
892204625
892231907
892308032
893073313
893285657
893377969
893442094
893751188
896143532
896248813
896416125
896587500
896648438
896719813
896756657
896820000
896848500
896934875
896944969
897029782
897900938
898115157
898137094
898164563
898202000
898237875
898312188
898802532
898845313
898898625
898964438
898989157
899078782
899336563
899396625
899613532
899662688
899702063
899784844
899891875
900052750
900111313
900210782
900241813
900270469
900303813
900447188
900583969
902067875
903403000
903474344
903618375
903821844
903894000
903969219
904040782
904132813
904297469
904357688
904518969
904567344
904601219
904631063
904690782
904790625
904854032
905804750
906045750
906080219
906122250
906181688
906204438
906232907
906267594
906296938
906330500
906368719
906380813
906416719
906428313
906434688
906450875
906455938
906512157
906550594
906562594
906634500
906692813
906988969
907080938
907182875
907458125
907476625
907603532
907619313
907633750
907660657
907806000
907877282
907959407
908004969
908085875
908099563
908104375
908178407
908200125
908255063
908282813
908342219
908395813
908437032
908498875
908538157
908566188
908587969
908606657
908649219
908689907
908703532
908715313
908743032
908756782
908769625
908776438
908820532
908837375
908869282
908884313
908937532
909067907
909088282
909111625
910477594
910697750
911993438
913123250
913541282
918288532
918521032
919162188
919445875
919686157
919789032
919822125
925305282
925320282
925352094
925361125
925381563
925428219
925446063
925483844
925498157
925534313
925575094
925589563
925596719
925612000
925641438
925662875
925678500
925741625
925978594
926177157
926309782
926340282
926398438
926427469
926436938
926444969
926451688
926462094
926492657
926504907
926510375
926522094
926533657
926545532
928444282
928501094
928553157
928668157
928822032
928887219
929124000
929202532
929254219
929325219
929468563
929524125
929589688
929611532
929634375
929707563
929719813
929752125
929762688
929791438
929821188
929984125
930028782
930090344
930140219
930212313
931953719
931983657
932007313
932078938
932105000
932125313
932172188
932181469
932238250
932335969
932507344
932538469
933087375
933117344
933126875
933135844
933213344
933273688
933306594
933348469
933376000
933402250
933445375
933587438
937312313
937336532
938222313
938290469
939305125
940034469
940145563
940280500
940347125
940462625
940528907
940582500
940641563
940702219
940789282
940949438
941079250
941127375
941178813
944532313
944636094
944697063
945259094
948528219
951820188
951920188
951989875
952056469
952124469
952150094
952209625
952309657
952345750
952793844
952849094
952901938
952940594
953023844
953071000
953116157
977186125
985801907
985915094
988335250
988367782
988554157
988618657
988722438
988773532
988802532
988836844
988930032
988971750
989021157
989111719
989231407
989409313
989496813
989728282
991066407
994122219
994138500
994167188
994206969
994276844
995734344
995784157
995812219
995831313
996182063
996321782
997409875
999860938
1003012719
1003071719
1003114125
1003176407
1003208313
1003237625
1003287094
1003373094
1003893719
1003926375
1005801594
1006018157
1006111000
1006152469
1006231469
1006465532
1009314907
1009483750
1011940344
1012002219
1012086469
1012533438
1012600594
1012612563
1012637282
1012706719
1012726469
1012778563
1012804625
1012813282
1012868157
1012881938
1012910750
1012968188
1013026407
1013099750
1013139157
1013197938
1013227032
1013249469
1013292469
1013320750
1013388375
1013410625
1013452000
1013531563
1013584625
1013680594
1013718657
1013839438
1013875782
1014033657
1014105657
1014282875
1014699875
1014839438
1015124907
1015342250
1015966125
1017225219
1017332032
1017694282
1017745719
1017916407
1017998750
1018470875
1018539344
1024084750
1024245532
1024355657
1024493657
1024783469
1026913844
1026971532
1026995407
1027002375
1027022875
1027030782
1027040907
1029633438
1029756125
1029844407
1030506157
1030846907
1030948063
1031149282
1031274407
1034739407
1034784375
1034917938
1034972188
1035014719
1035046469
1035206032
1036607375
1036672719
1036700688
1036842375
1036947313
1037012875
1037066000
1037221469
1037284688
1037450313
1037561907
1037843907
1037986719
1038239157
1040275844
1040998375
1041147625
1041351094
1041495469
1041626063
1041724594
1041742500
1041778032
1041908657
1041993532
1042008407
1042034719
1042071688
1042152875
1042179625
1042222688
1042411407
1042444563
1042709282
1042803469
1042866000
1043029532
1043053657
1043090000
1043256813
1046870313
1047277438
1049355750
1049438907
1049741500
1049879969
1050124594
1056090875
1056311032
1058792657
1058840000
1059155719
1060278438
1060388500
1060586094
1060636188
1060772532
1060868657
1061066594
1061156282
1061440875
1065626125
1072632282
1073616782
1073646688
1073675625
1073706094
1073744313
1073772907
1073876375
1073943500
1074009532
1074034375
1074045188
1074053875
1074081032
1074108657
1074190969
1074315000
1074738032
1075541032
1075643563
1075751625
1075884875
1076011782
1076128719
1076177844
1076626563
1077353563
1081052375
1083924844
1083973125
1084137063
1085605813
1085723407
1086349844
1086395907
1086508875
1087402657
1088605969
1088653157
1088753938
1088786250
1088826438
1088936750
1090703657
1090741188
1090774782
1090808282
1090838188
1090879250
1091019125
1091056250
1091128750
1091182563
1091218844
1091258375
1091343563
1091385438
1091467157
1091598625
1091649532
1091727844
1091767532
1091947063
1092005563
1092169594
1092214407
1092261563
1092353125
1092380157
1092476407
1092522344
1092643563
1092702688
1092772719
1092839282
1092896782
1093060344
1093109438
1093158563
1093470282
1094206657
1094262000
1116868125
1116944844
1117049563
1117093594
1118053782
1119498532
1119774219
1119809813
1119818750
1119864094
1119883563
1120866063
1128715469
1134545625
1134945625
1135652782
1140118313
1140198157
1140314938
1140382625
1142760563
1142926313
1145294282
1146053094
1146234719
1146339125
1147856000
1147953188
1148097063
1148430563
1149121188
1149594063
1149642688
1149662063
1149679625
1149694344
1149757719
1149950657
1151574844
1151725844
1151763688
1151790532
1151808188
1151851719
1151866250
1151894969
1151911782
1151946782
1151975719
1152002875
1152021782
1152061125
1152103219
1152120282
1152227375
1152274532
1152312157
1152424719
1152461907
1152590750
1152788844
1152962594
1153504157
1154801688
1154991875
1155026000
1155099375
1155205657
1155394282
1155590594
1155664032
1155792219
1156762188
1156821657
1167466250
1167480344
1167513000
1167538969
1167604625
1167853157
1167937500
1168018875
1168048032
1168105282
1168245282
1168316500
1168342469
1168390813
1168407375
1168436469
1168475782
1168569563
1168601844
1168640813
1168687907
1169002563
1169228875
1169497282
1170420844
1171572657
1171632563
1173448844
1176924938
1176984407
1177004782
1177043125
1177091313
1177116750
1177149344
1177206125
1177494219
1177682375
1177737938
1177842907
1178042469
1178150657
1178234094
1178290563
1179388750
1179546188
1181164188
1181393344
1181465344
1181795813
1182322438
1182381407
1182498469
1183272688
1183301438
1183326375
1183397688
1183530344
1183577594
1183665938
1183743782
1183783594
1183806688
1183844438
1183883282
1183915969
1183959625
1183991500
1184031188
1184158969
1184183907
1184268625
1184324157
1184382188
1184487438
1184588907
1184709688
1184857125
1184886657
1184918844
1185105875
1185154157
1185198657
1185224000
1185326969
1185414844
1185507907
1186656094
1187401469
1187489313
1196799532
1196843938
1196878282
1196927125
1197020219
1197063688
1197163875
1197338657
1197397907
1197655969
1198047657
1198099157
1198144875
1198217188
1198228907
1198337532
1198374938
1198678188
1198840875
1198967000
1199333782
1199443907
1199490250
1199518375
1199547938
1199629844
1199665969
1199728250
1199821500
1199896907
1200063969
1200177500
1200264407
1200352688
1200506907
1200568907
1200638594
1200860469
1200899313
1200914188
1201003188
1201087750
1201206907
1201752094
1201785219
1201871532
1203224782
1205366094
1205488625
1205537157
1206236782
1206306250
1206760938
1209728625
1210501032
1211304469
1212899813
1213288719
1213362875
1213398000
1213485907
1213645782
1213754188
1213809375
1214565344
1214841469
1215851032
1215974907
1218771688
1220006188
1223521469
1223575282
1223610344
1223644000
1223684657
1223807532
1223837657
1223873625
1223893000
1223925532
1223958469
1224010375
1224116032
1224192969
1224238375
1224272219
1224294500
1224335594
1224373219
1224479469
1224504907
1224557344
1224580407
1224608000
1224648438
1224746500
1224769157
1224811032
1224868282
1224990594
1225008344
1225051625
1225079313
1225193094
1225486875
1225603063
1225608282
1225647375
1225651813
1225784313
1226707969
1228384407
1228457188
1228582375
1228865188
1229089125
1229179875
1229269094
1230970532
1231018625
1231204938
1231344969
1231640344
1231777969
1232047657
1232237157
1232334907
1232786032
1232911688
1233014188
1233116750
1233253875
1233374094
1233547688
1233596594
1233681500
1233810688
1234032469
1234154500
1234252813
1234357938
1234438032
1234622938
1234682157
1234785500
1235981532
1239869657
1240243188
1240292375
1240321688
1240359094
1240460625
1241307657
1241647625
1242833469
1244179282
1244320657
1245673907
1247975375
1248148532
1248361969
1248771219
1248891938
1248957407
1249175907
1249202625
1249223125
1249232094
1249270188
1249305375
1249333907
1249359719
1249370313
1249375469
1249397563
1249427000
1249470438
1249536500
1249647125
1249712063
1249822657
1249925157
1250062250
1250196032
1250259469
1250292157
1250328563
1250346563
1250355563
1250400094
1250407625
1250427188
1250436594
1250485594
1250499813
1250556219
1250599969
1250628594
1250633219
1250642219
1250661282
1250670938
1250714438
1250774500
1250870782
1250947000
1251033219
1251074313
1251162032
1251212219
1251297782
1251364844
1251433844
1251630250
1251813688
1252049344
1252692875
1252769282
1252777094
1252804657
1252822688
1252841407
1252851032
1252963219
1253286938
1253492532
1253672000
1254034938
1254044813
1254056032
1254065625
1254073532
1254083313
1254096344
1254246625
1254836469
1257132407
1257173063
1257193063
1257213563
1257235188
1257274688
1257396344
1257423594
1257496969
1257590157
1257655657
1257857032
1257902844
1258030375
1258044375
1258067000
1258095438
1258117469
1258231094
1258283063
1258365969
1258445250
1258505188
1258550782
1258609563
1258719063
1258797282
1259097594
1259162125
1259259750
1259299500
1259426250
1259501375
1259614594
1259723844
1259847469
1259919594
1260229125
1260610407
1260685063
1260713594
1260856907
1260911813
1260959219
1261048657
1261091157
1261111938
1261260000
1264810063
1264900782
1264932625
1265000188
1265024532
1265104875
1265127907
1265189938
1265521157
1265862313
1266090688
1266778032
1268332219
1268537875
1269187625
1270490750
1270542063
1270614532
1270656063
1270729282
1270816000
1270921625
1271062344
1271164469
1271268313
1271405938
1271843782
1271893032
1271936532
1271943250
1271962125
1271974532
1271979188
1271989438
1272042250
1272461344
1272519563
1272568313
1273202625
1273372344
1273604844
1273708719
1273810469
1273854094
1274115532
1274223875
1274278844
1274520907
1274903907
1275044875
1275077063
1275182657
1275478219
1275885032
1275970469
1276102407
1276502250
1276613469
1276660844
1276676657
1276743719
1276922938
1277004313
1277659125
1277682250
1277741657
1277814907
1277863438
1277961750
1278048750
1278944563
1279031094
1279072157
1279606782
1279730813
1279924063
1279953688
1280039500
1280156500
1281240250
1281375844
1281427219
1281459875
1281474594
1281593844
1281854875
1282238344
1282281313
1282299250
1282372688
1282547500
1282775719
1283547875
1283579844
1283698844
1284134688
1284230657
1284306938
1284779000
1286268719
1288750032
1289534594
1289579688
1289593000
1289613219
1289634438
1291148532
1291267188
1291348157
1291396563
1293014407
1296597657
1298194938
1299879938
1300030532
1300055344
1300083875
1300096094
1300118375
1300178750
1300206657
1300248625
1300265532
1300306000
1300484532
1300505438
1300585375
1300757782
1300954000
1301068875
1301180188
1301228282
1301430563
1303285063
1303325875
1303574313
1303649094
1303681344
1303745250
1304394094
1304589094
1305751719
1310941313
1311239157
1322682625
1322781563
1325677000
1325882688
1326208094
1326248782
1326295125
1326319469
1326640938
1327978219
1328201594
1328362032
1328585313
1328679157
1328727407
1328821282
1329287250
1329607500
1329834500
1329894907
1330168094
1330246938
1330377219
1330697250
1330873000
1330963282
1331125719
1331166844
1331222219
1331285750
1331429907
1332141438
1332197719
1332300282
1332350625
1332380875
1332532000
1332567657
1332630750
1332666563
1332731188
1332750469
1332786000
1332809219
1332849969
1332883688
1332897844
1332924657
1332936407
1332962625
1333011657
1333058875
1333561875
1334043313
1334172219
1336312000
1336543032
1336566844
1336824907
1337356688
1337930813
1337955157
1337972625
1338229500
1339201063
1339524063
1339743469
1339862719
1340944063
1341121532
1341266563
1341695969
1341873750
1342045125
1342520969
1343469813
1353025125
1353047344
1353089688
1353166407
1353224532
1353305657
1353358844
1353463125
1353567407
1353609719
1353622750
1353729875
1353778188
1353817157
1353841750
1353877344
1353918219
1353991875
1354179969
1354274407
1354366625
1354400969
1354512782
1354625188
1354747782
1354797969
1354841438
1354878219
1354916844
1354939032
1354967500
1354985657
1355006094
1355029344
1355044469
1355075657
1355092469
1355105813
1355135094
1355214438
1355419000
1355492250
1355584094
1355642782
1355685125
1355706000
1355730907
1355771469
1355789938
1355815282
1355840844
1355854969
1355919500
1355936938
1355976219
1356019188
1356054032
1356092813
1356111844
1356142438
1356212313
1356232407
1356359657
1356381625
1356432282
1356452094
1356470688
1356493469
1356505063
1356525094
1356558438
1356623125
1356645219
1356654375
1356661750
1356668282
1356693813
1356712719
1356729782
1356744313
1356763907
1356793813
1356798407
1356807500
1356816532
1356844032
1356855438
1356866750
1356907438
1356930563
1356955313
1356976875
1356987469
1356991563
1357001375
1357010907
1357039688
1357046625
1357064125
1357072875
1357091500
1357099157
1357120813
1357134782
1357144282
1357156032
1357224500
1357305719
1357346094
1357366969
1357404219
1357453875
1357490750
1357519219
1357555500
1357640938
1357664813
1357675313
1357708719
1357715844
1357729282
1357803969
1357902594
1357917125
1357938719
1357960813
1358009313
1358025532
1358067844
1358082032
1358097469
1358122344
1358140875
1358146750
1358179907
1358200813
1358248532
1358325688
1358351282
1358366313
1358458750
1358503750
1358553532
1358561813
1358576563
1358614188
1358651000
1358672407
1358689438
