213096352
213662196
214224914
214325696
214618321
216240445
216327007
216412695
218358444
218583256
218684319
218785256
219770818
220534381
220736318
220779537
220832631
221252380
221306318
221327693
221360974
221386568
221463630
221497568
222181630
222354599
222402442
222437599
222595411
222724005
222780973
222836567
222880223
223089098
223209473
223324255
223369348
223446004
223458629
223583036
223791817
224238254
224835410
225089129
225165629
225411160
225844941
225891566
226436066
226681722
226778066
226834253
226878628
226896847
226938847
226959222
227502940
227554347
227592190
227628222
227636784
227982971
229949502
229974846
230915658
230981939
231072345
231198001
231258345
231636657
231687689
231719407
231844314
231906876
232277751
232313563
232354845
232511313
232552595
232598970
232628063
233358219
233468750
233998969
236746218
236765624
236901499
237011593
237012624
237119093
237140186
237165655
238448498
239531654
239621342
239708623
239807592
240227185
240353623
240688123
240746216
241457466
241592122
241768622
241801747
242141403
242205716
242427966
242518434
242622966
242995715
243987059
245533652
246013245
246298339
246343433
246585839
246689995
246745901
246933526
247185245
250977306
255425210
256577491
256682616
256738210
256786304
256845710
256870522
256947397
257092585
262602957
262643989
262678989
262795114
269278861
270401579
270766392
270767204
272048672
274324328
276636921
276747171
276821264
277646858
277916014
277960826
279197295
279347982
281140450
281201200
281259544
281273856
281290512
281309419
281321575
281330419
281368669
281407137
281423887
281496700
281603012
281663387
282956481
283055481
283096762
283173574
283196887
283297824
283432762
283632918
283696574
283716168
283802543
283863699
283935605
284039293
284129324
284385261
288421916
288533447
289222166
290610352
290658134
290705384
290727821
290750071
290861134
291206102
291323008
291630696
291675633
291723696
291749040
291838164
291900571
291925258
291944727
291956914
292109508
292289383
292381696
292424102
292534820
292758570
293931351
293962289
293984007
294043289
294118695
294769132
295186944
295208132
295379226
295575413
296581975
296650725
297010631
297088100
297144662
297158475
297185006
297261381
297276475
297314662
297348819
297391256
297467006
297506162
297541818
297670037
297697600
297735943
297850256
298515224
298533724
298589474
298679006
298714599
298735974
298809755
299274318
299311880
299492599
299563974
299676911
299989005
300152911
300179974
300340130
300519599
300600473
300779942
300872161
300990130
301038223
301118161
301579161
301682348
301904129
302081285
302445941
302464379
302529660
302550285
302639723
302761785
303172972
305007190
305057690
305156159
305200972
305515503
306462752
307158815
308844970
309471532
310467688
310881688
311554407
311867750
311980188
312410719
314138468
314191968
314311593
314726749
314796780
314831093
314997686
315056655
315188374
315229718
315250843
315350655
315429718
315566030
315752467
315864342
315972436
316387155
316596561
316698030
316830717
316918998
317006748
317052967
317089404
317125342
317237561
317273967
317481748
317569498
317803904
317841748
317956842
318026685
318129623
318218716
318373841
318424810
318491935
318558623
318630091
318757185
318830216
318999060
319096497
319391278
319808747
321747027
328263900
328438806
329207493
329915337
332023367
333888304
333982023
334033023
334060460
334153179
334221679
334602335
334619147
334716147
334734054
334798116
334874303
334935116
335000522
335038022
335058647
335090428
335301616
335345835
335485584
335509366
335643709
335714303
335825553
336040459
336069022
336178834
336195709
336453990
336540959
336563865
336643772
336670022
336722240
336814365
336891553
336976646
337033303
337043990
337078803
337177803
337196646
337242271
337286303
337325209
337456115
337654709
337668615
337696802
337770865
337839365
337855646
337880490
337936958
338030427
338410833
338508771
338717646
338808083
338875146
338921677
339016052
339048333
339070302
339119989
339152896
339210583
339506489
339566645
339741052
339805708
339900333
340004551
340068114
340098645
340125989
340240614
340391676
340511114
340642051
341103488
341336770
341681488
342254582
342346050
342857519
343132488
343500738
343747800
344058175
344344081
344513737
345062643
346894861
348119454
348171048
348223111
348280986
348352454
348501548
348657704
348778392
348815923
348872798
349203766
349228079
349285860
350197579
350712953
350974516
351002703
351013328
351034672
351061172
351123078
351265047
351374484
351509641
351610047
351646359
351709328
351742797
351855484
351975734
351996109
352030015
352062172
352181172
352199609
352347359
352397484
352425640
352618265
352663046
352671953
352700421
352989140
353051484
353127390
353260109
353335327
353400421
354822514
355326577
355464389
355670045
355682983
355950889
356043607
356111545
356144701
356194951
356258514
356517982
356843107
357094357
357215419
357519513
359068638
359719075
359765262
359794700
359832012
359860543
359904106
360007200
360166387
360214231
360263106
360729574
360769074
361122449
361157168
361183074
361197980
361312605
362060886
367161916
369666540
370077227
372708632
374043506
382862190
383199034
385636408
386643908
387875220
388126438
388233532
391698031
392584499
396011216
396466154
396490591
396546779
396604154
396640029
396693685
396734529
397062060
397419247
402289558
402383308
404161432
407109649
414103522
415615834
415739834
415895177
418925207
418989082
419157176
419184832
419206301
419232613
419316676
419353520
419388457
419570457
419640988
419685176
419711988
419737488
419749863
419820488
419914801
419965207
419995426
420066394
420106426
420211144
420236832
420299800
420360738
420672425
420718488
420838644
420861769
421121831
421212769
421258050
421416706
421454550
421472706
421507550
421529519
421665925
421786019
421862237
421956769
422023862
422079050
422337612
422375706
422456518
422529112
422608737
422787893
422977862
423001549
423059831
423123768
423155018
423173299
423200174
423359049
424452205
424539299
424596767
424643611
424761892
424835392
424856361
424913017
425203330
425248798
425400611
425463517
427065610
427142610
427254610
427305516
427594610
427641391
428205329
428255547
428453360
428539078
428734235
428937484
429039422
429156203
429264859
429705547
429824797
429952078
430065890
430278296
430401359
430442078
430499203
430512828
430758421
431156234
431233765
431309015
431487452
432768952
433129858
433150389
433172327
433190389
433234826
433327389
433358264
433371264
433426576
433451326
433492639
433600076
433636733
433745514
433769014
433904639
434252889
434386701
434551795
434570045
435048763
435138576
435296513
435352263
435403232
435747825
436216075
436581231
439197043
442372417
442575541
444459728
444743916
445170290
445239072
445282040
445592072
445671353
445740321
446105134
446330790
446374165
446425102
446468415
446581852
446633384
446733259
446846165
446908415
446932508
446974665
447035790
447049571
447110321
447214133
447483321
447681696
447778758
447848977
447859227
447876696
448219195
448419633
448585539
448664320
448750539
448884789
449143633
449250570
449260789
449328726
449440914
451393882
451508569
452013444
453151475
453216412
453400725
453464256
453599912
453676443
453728787
455270099
455307286
455686442
455757224
455846692
455900911
455987130
456050880
456093911
456253036
456618630
456697411
456810723
456870942
456871942
457016754
457320973
457367692
457402504
457457942
457532348
457694004
457717848
457782879
457829473
457876067
457902285
458051410
458297316
458362973
458401441
458438504
458469910
458500973
458503566
458545754
458581754
458653504
458678316
458700285
458753035
458904129
458969004
459017972
460446784
460587472
460898940
461108784
461405815
461446753
461449315
461474909
461554378
461668409
461703221
461768378
461778503
461883190
461910159
461959784
462375221
462622658
462657627
462715377
462750908
462851158
462908877
462960033
462994096
463071252
463222564
463259252
463345502
463466283
463591064
463671283
463695846
463730595
463867033
463905970
464120283
464137658
464195814
464238689
464252439
464502783
465248626
465439970
465776282
465856688
465906376
465970563
466287938
466845188
471703217
471898780
473517873
474942185
475240060
475318966
475425028
475728591
476980684
479701745
479756152
479800464
479930183
479986933
480042120
480261526
480398026
480618339
480684339
480833151
480869057
480983089
481080182
481101870
481200651
481270370
481493620
481625745
481664870
482168557
482522119
482667650
482712807
482866150
482926088
482990181
483306119
483351525
483422744
483812900
483937400
483998900
484052431
484257337
484320243
484718806
484827306
484953993
485052399
485922962
485985055
486032212
486045368
486065805
486102993
486340899
486498868
486686774
486702680
487093992
487453898
487570117
487602273
487633586
487673805
487862273
487897367
488105086
488186273
488249742
488449586
488603429
488657085
488739242
488930148
489483179
489757179
495336208
495836489
498590738
498683956
498749238
499026706
501749111
518337917
525550789
525569321
526339695
534936411
535018973
535115411
535198473
535425567
535536067
535554223
535612535
535644567
535673910
535731004
535770754
535860004
535902410
535909067
536003223
536145035
536340566
536433160
536917597
538899253
539479565
542383376
542887595
542899126
542951782
547627999
557020496
557088995
557555214
557786120
557806589
557860308
557905433
557927526
558005683
558049120
558211276
558251276
558279714
558312745
558371557
558391870
558412964
558433089
558446151
558476307
558549464
558570714
558642026
558666089
558696495
558768776
558778214
558845120
558968120
559205995
559316870
559435432
565750148
566274242
581129330
583967922
586726484
587544452
587789389
587842358
588418358
588460608
588508577
588670483
588704170
588754358
588996483
589079139
589105795
589181576
589287858
589366983
589406420
589446670
589459389
589521639
589654045
589731514
590165295
590197576
590209763
592670137
594722699
594882543
594981262
595029199
598511323
598567854
598772760
598990197
600384166
600439541
601972727
601993415
603786664
604577070
604834289
605007258
605066945
605344539
605675195
605942882
606053601
606129913
606164913
606244351
606278351
606341444
606351507
606363257
606494476
606685663
606814851
606838444
607814444
607879819
608214631
608370787
608649350
608758881
608808631
608840975
608925818
608963943
609019662
609207287
609244725
609314943
609410943
609466662
609517881
609598568
609615787
609658849
609712849
609852974
610454505
610599724
610640255
610660818
610691943
610900880
611183036
611845567
612115005
612313348
613428067
613486317
613592629
613702629
613771223
614242941
614561847
614574722
614593910
614669566
614685754
614702035
614872847
614913816
614957316
615173722
615224878
615318441
615362691
615600535
615828409
615961972
616020691
616047816
616091066
616750315
617099534
617302159
617634440
617961002
618033659
618177221
618218158
618255127
618841939
618911283
618960564
619268939
619551502
620129876
620367876
620457345
620518064
620667220
620693501
620781157
620848720
620967657
621125126
621227001
621281313
621516188
621664876
622053532
622172751
622203563
622279469
622354532
622388532
622418657
622440126
622484063
624424156
624696531
624762937
624805093
624824093
624842250
624875750
624895500
624987968
625277687
625404156
625485249
625562062
625682812
625795655
625821374
625855687
625888249
626134999
626156718
626333718
626353655
626581530
626614718
626746749
626859530
627229811
627560498
627860248
627925873
628069467
628160654
630841935
632559215
634150027
640302650
643735429
643805086
644456117
646072835
646099272
647778084
649009396
649043271
649078209
649094302
649466865
649559833
649585927
649753740
649826271
649859021
649912802
650239208
650254896
650273396
650287583
650318552
650360552
650400583
650441239
650455989
650471646
650503021
650541614
650554770
650610458
650633708
650735364
650783364
650914583
650992895
651060989
651160926
651202208
651259145
651303676
651328364
651373458
651627583
651679426
651779270
651817301
651922582
652005676
652094614
652210207
652563613
652602801
652948051
653058863
653283769
653466207
653508207
653554082
653585551
653621019
653700488
653738144
653755800
653860738
654011144
654113769
654909550
654949550
655017987
655163550
655416456
658124017
658211580
659186111
659336517
659504017
659790454
659857517
660005298
660073642
660369860
660395017
660448767
660553860
660755891
660852141
660887266
660957048
661000204
661035298
661243360
661311516
661393141
661725266
662267797
662400453
664896515
665626077
665693858
665719483
665754983
666003483
666493108
666613452
667370545
667374420
667442545
667463201
667492920
669176138
669241263
670416825
673602011
674022886
677664416
683148695
684582757
684666226
685046225
685181819
685259850
685290194
685475506
685509725
685604131
685732413
685778850
685819756
685864788
686325256
686357162
686423037
686466944
686526444
686606256
686680943
686810818
686894131
686910818
687283568
687314881
687454974
687580349
687665068
687716131
687960412
690399067
691155660
691317254
694480628
701388344
704855842
711863871
712227933
712303027
712328183
712336183
712487683
712525496
712581402
712643871
712843870
713571214
713724620
713753026
713802964
713827683
713871683
713923276
713982526
714058307
714071589
714095026
714161526
714181120
714200370
714300995
714471776
714768995
714833963
714978557
715206338
715308369
715472151
715523838
715585182
715621026
715666369
715861526
715899994
715969182
716088244
718406306
718488868
718699712
719017149
719210649
719283493
719347399
719398337
719416743
719464368
719848899
719932368
720168743
720345555
721867117
722047648
722065836
722233960
722262960
722295117
722362648
722399460
722449242
722563898
722740835
722780710
722813616
723032804
723287023
723419272
724527835
726049771
726133959
726179646
727614833
727643740
727837802
727883646
727911083
728021646
728086302
728151333
728323927
728424770
728483989
728526145
728650333
728739083
728767739
728796864
728867489
729161051
729585082
729634864
729915926
730056332
730280988
730476051
730511301
730556801
730773770
730861332
730879269
730964957
731135957
731292769
731477394
731553207
732114206
732205175
732321894
732595144
734833018
735024455
735438455
736929705
737289017
737348829
737447579
738186829
738378048
739429235
740869047
740906703
740929078
740959203
741011734
741067828
741137390
741172953
741265047
741553546
741692015
741746234
741798453
741813078
741856234
741886234
742094265
742183202
742226827
742342202
742366390
742396702
742423546
742440921
742696265
743395639
743427546
743478858
743678514
743751014
743786233
743928514
745467076
745759107
745801263
745845107
746083388
746473607
746544357
746710763
747150482
747188357
747294794
747396700
747416200
747496669
747545294
747653763
747742763
748046825
748119513
748151138
748205794
748227138
748291700
749267918
749318387
750147668
750171949
750217043
750750949
750785574
750871511
750925949
751020074
751518824
751988636
752092667
752165323
752177261
752267667
752416292
752552198
752985104
753031073
753083073
753098042
753457698
753498542
753540510
753609073
754304479
754333948
754610947
755137978
755248322
755714010
756188416
756675790
757538196
757629415
759121946
759230477
759707820
759776602
759905664
760123289
760509508
761171132
761595663
762169476
762200101
763426600
764047287
764136756
764579381
764774850
764801100
764856287
764911412
764948193
764999412
765038725
765061131
765101037
765308006
765325568
765356224
765551287
765978193
766132443
766189474
766645568
766713255
766750693
766804255
766826849
766896755
767042786
767586286
767687286
767727786
767765536
767780786
767799473
767857098
767882786
767970536
768005661
768013161
768126192
768298004
768430504
768620598
768720848
768783004
768810629
769157723
769410004
769742316
769885754
769930129
770201754
770263410
770332035
770362316
770440879
770502379
770540691
770565691
770674191
770785503
770965035
771004066
771036910
771313191
771359878
771414784
771641878
771970409
772142378
772742003
772967565
773343846
773393471
773641471
773753159
774072377
775150970
775613064
775762814
775834001
775871064
776357157
776421876
776458751
776485751
776691845
776811595
776878032
776915438
776948626
776983251
777010657
777024063
777105595
777122688
777190126
777262313
777377938
777428938
777514126
777839251
777875688
778070626
778404157
778643782
778851313
778947250
778996750
779048469
779073656
779382906
779498687
779835437
780252781
780429437
780870312
781035406
781056874
781145499
781169874
781238499
781282187
781564437
782112405
782130780
782137874
782515405
782555124
782741592
783010092
783169217
783559905
783625373
783696592
783764998
783794779
783865373
784074873
784570498
784591248
784609873
784798873
784842935
785000779
785022591
785053310
785216935
785386310
786193372
786372716
786400810
786522060
786540435
786558435
786605185
786757372
786947903
787002591
787014466
787042309
787076778
787087059
787433341
787491872
787657747
787771309
787844403
787879590
788127684
788190715
788249871
788272528
789355527
789411090
789597558
789609621
789687558
790291308
790472183
790529683
790585746
790609745
790686870
790758995
790950027
790995620
791679933
791848057
791886901
792010932
792334339
792560432
792599463
792657588
792892495
792958026
793154651
793183244
793508119
793600432
793651557
793679713
793776338
793815557
794069994
794156244
794258088
794355931
794417900
794625150
794687838
796823243
797090618
797109243
797147055
797240899
797301305
797379743
797474368
797518524
797895461
797955243
798073368
798121180
798341461
798376742
798395399
798439899
798673086
798690899
798771273
798863961
798919992
799009273
799121773
799278148
799422929
799511492
799577773
799757023
799818242
799922117
799942179
799982992
800202898
800383929
800447085
800480742
800781960
800836804
801640991
801791616
801838303
802041585
802089897
802118303
802150772
802175960
802733053
802744303
802841178
802867241
803017647
803110959
803184865
803314928
803967896
804195834
805131958
805341740
805396490
805425771
805595771
806194489
808000426
808693394
808851207
808889738
808923301
808946363
808978644
809016301
810221831
812974924
813154111
813208455
813231393
813266486
813349111
816145329
818317047
818375703
818415984
818473172
818703234
818804453
818847890
819094390
819174359
819600828
819706640
819782921
819798921
819849515
820269702
820325921
820381421
820433171
820485952
820512327
820614577
820677421
820715702
820725171
820768108
820812077
820837421
820889640
820935327
821262233
821339233
821363077
821673139
821872014
822050014
822118952
822264202
822848983
822991170
823176482
824795107
825757981
826025544
826076106
826122606
826146637
826195606
826227794
826333294
826441544
826700356
826790918
827007137
827135450
827191637
827211575
827238168
827430387
828060949
828149293
828185043
828290074
828308762
828386074
828476074
828610699
828658543
828686386
828699136
828708011
828726074
828876136
828942230
828995199
829102605
829170699
829312949
829376230
829390199
829428386
829457667
829553667
829600011
829733636
829863386
832132698
832854104
833084166
834304572
837651258
837988945
838330070
838700320
838743976
838787007
838982414
839017632
839231507
839359851
839423226
839491226
839532288
839581538
839628351
839789382
839915851
840071819
840105788
840148319
840286069
840407257
840934163
841604663
841880006
842218194
842951162
843109412
843182099
843302287
843364193
843569224
843728787
844133286
844197599
844221411
844263755
844301661
844393099
844416036
845694473
847748723
848047410
850710690
851074846
851188659
851284659
851393409
852105408
852120877
852254502
852281533
852313814
852390689
852471064
852641064
852970658
853018283
853193752
853350377
853435720
853507439
853544501
853980314
854134189
859508093
859508937
862727154
864647310
864805278
865063247
865121966
865130684
865260903
865306309
865574278
865595278
865675059
865698747
865764247
866165028
866260434
866343559
866363653
866429434
866575340
866723215
867997433
868483214
868636339
871250494
872278556
878736585
879834741
880059960
882667521
884387645
884909145
885387239
885642582
885726926
885870301
885917926
886101113
887836956
887990019
888257331
889036581
889142956
889422112
889739268
889977331
890207237
890337518
890718049
891085111
891237705
891403205
891455330
891795361
891914424
892079017
892183330
892231955
894585454
894764297
894853360
897306015
902567544
902693544
902731888
902803138
904509981
904965606
905003856
905058606
905097700
905172637
905203449
905248731
905475418
905503074
905531918
905685762
905731418
905807137
905980574
906042199
906067918
906380262
906570418
907001699
907190230
909143635
909257948
909333917
909338854
909443417
909746854
909891416
909947135
910138260
910551416
911031478
912202259
912324947
912359197
912384322
912417540
912457634
912572572
912607290
912685103
912770196
912828665
912950228
913038728
913135696
913378009
913431477
913530571
913573102
913603040
913670852
913897977
914183883
914320915
914426383
914533289
914670883
914766977
914863008
915012571
915201383
916772476
916814820
916855664
916890195
916909351
916944664
917750757
917807882
917907882
921366474
922285068
922487443
922751317
923183505
923464411
923468473
925852316
925897379
925941316
925953785
925982347
927835940
927864128
927897690
927942315
927955315
927993909
928048503
928103878
928161128
928202628
928299159
928318534
928468721
928483409
928530315
928648940
928702096
928732034
928836284
928864315
928893909
929005940
929297784
929629471
929838408
930019877
930098408
930308064
930855783
931031720
931243502
931419626
931543189
931586939
931895251
932774157
933082470
934448313
934538344
935600969
935805218
936044031
936229031
936347187
937052218
937719030
937815593
938031280
938113374
938168155
938299624
938383467
938445874
938520030
938553186
938568280
938617561
938837592
938868248
938960717
939138842
939205623
939356092
939536498
939595311
939647967
939704092
939763248
939848123
939866342
940113154
940422342
940527685
942005341
943186997
943456528
943575934
944374465
944425590
944463215
944632715
944707371
944947465
945462183
945500371
947647370
947711870
947758464
947981839
948297776
948418495
949693400
949818025
952493118
952691118
952764024
955728960
955774273
955790335
955823804
955860429
955895867
956126679
956214929
956295366
956312148
956335148
956774491
956990960
957087210
958070647
958093178
958333178
958423678
958711022
958858553
958946928
959086678
959335240
959415334
959762178
962706676
966135769
966864425
970321048
974715640
974790515
974839890
974980453
975077796
975130171
975322359
975659577
976347202
976530202
977342452
978129139
978253514
978443264
979341295
979372045
981504419
981686481
981783575
982249106
983262887
983393106
983549231
983678324
984142949
984560855
984690886
984842105
984887386
984900511
984913761
984939730
984991199
985066167
985193636
985221449
985311949
985370730
985480074
986636479
986988729
987087292
987123010
987246667
987288542
987389041
987474198
987511229
987803729
987990854
988075104
988152322
988322572
989316541
989473009
989591322
989934853
990144259
990175509
992718664
997485475
999422380
999491005
999743255
999938224
1000024286
1000267661
1000649349
1000766630
1000948474
1001033067
1001127005
1001140223
1001151442
1001261692
1001893317
1002391723
1002434004
1002497879
1002698817
1002743129
1002777067
1003181879
1003275973
1003422723
1004301066
1004388316
1004410472
1004798066
1005245378
1005454909
1006467690
1006481471
1006511971
1006626065
1006824784
1006959752
1007042846
1008132158
1008272221
1011117782
1011211032
1011238063
1011254251
1011267407
1011476719
1011662125
1011855407
1012190094
1012233782
1012492438
1012704813
1012814188
1013244094
1015273155
1015899061
1015968905
1015993217
1016370186
1016439874
1016683373
1016757186
1017060780
1017276373
1017325998
1017469998
1019057154
1019360466
1019379747
1019762966
1019834028
1020062903
1020290903
1020319153
1020360591
1020504934
1020573497
1020621153
1020680247
1020717903
1020735716
1021068340
1021343590
1021592715
1021619184
1021652809
1021715059
1021760434
1021789246
1021825903
1022210434
1022355246
1022375465
1022440152
1022490215
1022825059
1023727246
1023843027
1023867339
1024090433
1024488245
1024606183
1024679714
1024791526
1024828464
1024952870
1025028464
1025083058
1025106901
1025427526
1025563214
1025827682
1026064401
1026104713
1026415901
1026600057
1026793432
1026841338
1026890119
1027004088
1027026682
1027095401
1027215682
1027410369
1027424838
1027697182
1027852525
1028254306
1028322900
1028350306
1028415619
1028427806
1028518150
1028786462
1028876900
1028960244
1029034181
1029109212
1029119900
1029126962
1029183056
1029296868
1029544962
1029662431
1029725368
1030124462
1030273306
1030318587
1030336930
1030414524
1030676805
1030941680
1031009993
1031022711
1031038336
1031068743
1031207493
1031279149
1031386149
1031486399
1033610210
1033719804
1033755367
1033914148
1034400023
1034546960
1034633991
1034724897
1034752679
1034932616
1035625710
1035855772
1035898897
1036446897
1037191334
1037495334
1037639428
1038036865
1040863551
1041081614
1041157020
1041728926
1041886082
1041900707
1041950738
1042178988
1042566051
1042653988
1042830738
1042979175
1043151457
1047414236
1047528299
1047681049
1047729267
1047957142
1048356955
1048688298
1049169360
1049359204
1049425829
1049476892
1049528485
1049567579
1049596235
1049700173
1049802298
1049861860
1049907391
1049966204
1050033141
1050901766
1053582546
1054047765
1054188483
1054368702
1054561577
1054625171
1054642889
1054650452
1054728671
1054966858
1055051827
1055066077
1055077827
1055236795
1055334295
1055545264
1055586327
1055768795
1055876264
1056347608
1056433545
1057120170
1057188701
1057293138
1057479076
1057784544
1057831201
1057883544
1057911107
1057954857
1057967794
1057994732
1058261607
1058347575
1058608513
1058815544
1058878919
1059205575
1059271544
1059405888
1059503231
1059519013
1059606044
1059624762
1059707794
1059957450
1060159169
1060202231
1060320418
1060374606
1060557012
1060717575
1060830918
1060967606
1061137918
1061174856
1061204793
1061227887
1061440106
1061686137
1061950480
1062056918
1062185199
1062832292
1062875105
1063110355
1063646823
1063825261
1063857355
1064382948
1064513198
1065245854
1065339104
1065442323
1065915635
1066107916
1066187010
1066239104
1066326354
1066352604
1066509322
1066628291
1067035697
1067129072
1067167791
1067474447
1067690978
1068185978
1068215290
1068382509
1068423478
1068466978
1068482540
1068600509
1068653853
1069515884
1069657165
1069758133
1069931602
1070037415
1070229883
1070376696
1070753477
1070878227
1071306945
1071814101
1072192664
1072270289
1072377320
1072512320
1072622570
1072775601
1073421538
1073510101
1073998882
1074278632
1074407257
1074787975
1074904631
1075470162
1075721819
1075924381
1076060287
1076364818
1076959131
1077054037
1077070224
1077243818
1078600411
1078778161
1079196255
1079245598
1079579911
1079750192
1080781441
1081153754
1081646879
1081828097
1082104566
1083605409
1083844784
1084299471
1084371128
1084412534
1084617315
1084908127
1085289846
1085351971
1086189252
1086431845
1086474470
1086521252
1087265720
1087719782
1087847282
1087873157
1087936751
1088129251
1088231407
1090037500
1090059907
1090237688
1090593906
1090620531
1091023719
1091382968
1091454656
1091498500
1092059624
1092393968
1092575812
1092728999
1093034499
1093132874
1093633624
1093690436
1093761561
1093774124
1094075842
1094117592
1094203561
1094263905
1094372061
1094560530
1094798030
1094902092
1094945123
1095308092
1095637717
1095772654
1095990467
1096038623
1096279873
1096704529
1096959560
1097018560
1097065904
1097199529
1097401591
1097560935
1097631122
1097947810
1097974435
1098021153
1098533059
1099477246
1100107152
1100179871
1100202527
1100238434
1100314059
1100430152
1100486559
1100547996
1101267777
1101468589
1104587557
1109190618
1110489492
1114041678
1116743177
1118323020
1119556363
1120354082
1120420269
1120576863
1120638644
1120760988
1120807832
1120909800
1120982425
1121026082
1121163050
1121208488
1121630738
1121735456
1121768831
1121783331
1121962112
1121993206
1122040237
1122123456
1122694737
1122747643
1122784362
1123197737
1123316862
1123689612
1123730174
1123763549
1123782830
1123812893
1123862737
1123900174
1123965237
1124009174
1124291268
1124398893
1124413580
1124464893
1124482018
1124529049
1124550674
1124583049
1124665049
1124676486
1124741924
1124817236
1124832393
1124928330
1126342173
1126387361
1126555142
1126622673
1126876329
1126949985
1127043204
1127154485
1127236173
1127348454
1127505204
1127562610
1127620923
1127749329
1127785641
1127935548
1128072235
1128216079
1128271829
1128795297
1128964516
1129028578
1129036953
1129720266
1129888641
1129913797
1130412484
1130511953
1130549203
1130565328
1130582453
1130630703
1130685890
1130778046
1130890140
1130934765
1131018484
1131240671
1131608452
1131888671
1132140983
1132252983
1132333515
1132539202
1132631327
1132826983
1133081170
1133785358
1134713732
1135654857
1135759169
1135867076
1135937451
1135980669
1136020263
1136121794
1136141826
1137229294
1137374263
1137626606
1138635762
1138656043
1138703606
1138729512
1138751824
1138764824
1138802043
1138825168
1138911418
1139056574
1139134418
1139261887
1139308168
1139340262
1139426230
1139452668
1139785949
1139960636
1140333105
1140910417
1140981824
1141141449
1141244761
1141342011
1141357355
1141399417
1141430730
1141604261
1141961104
1142063604
1142104511
1142115698
1142348354
1142376823
1142418542
1142882198
1142923823
1142955229
1143003198
1143020791
1143074635
1143548948
1143698416
1143772572
1143881104
1144248166
1144355947
1144439322
1144667916
1144730603
1144799572
1144872447
1145695478
1145738822
1145856790
1145869665
1145894259
1145902728
1146138821
1146780509
1146980040
1147453508
1147980852
1148225664
1148293289
1148317446
1148384914
1148520383
1148524946
1148597039
1148981789
1149248945
1149294258
1149335695
1149481258
1149770539
1149816601
1150229257
1150560976
1150887132
1151752913
1152081319
1152534069
1152599756
1152688131
1153405725
1153420194
1153438225
1153596006
1153649287
1153705475
1153752475
1153772475
1153832006
1153874725
1153945756
1153963600
1154150943
1154407037
1154613943
1154666037
1155075568
1155124099
1155186443
1155324599
1155360630
1155469755
1155558380
1155592786
1155828474
1156178099
1156240661
1156431942
1156518474
1156600817
1156639974
1156778286
1156858005
1156969911
1157132473
1157170130
1157231848
1157437348
1157949754
1158004598
1158140067
1158363223
1158689660
1158744785
1158797566
1158847004
1158868004
1158930723
1159130816
1159436722
1159598097
1159682785
1159916035
1159948628
1160009222
1160132285
1160152191
1160167410
1160197378
1160231253
1160315222
1160408566
1160537066
1160726941
1160772722
1160922316
1160968847
1161052753
1161084284
1161342690
1161591565
1161605659
1161708440
1162148940
1162483190
1162559159
1162683002
1162836627
1162867690
1162894909
1163302033
1163364846
1163660877
1163784346
1163830283
1163850658
1164168596
1164253345
1164314439
1164334939
1164370033
1164599252
1164744314
1164757908
1165594282
1165644376
1165867501
1167158876
1167225313
1167338625
1167395313
1167523938
1167659407
1167705125
1167743969
1167884313
1167951063
1167983969
1168001750
1168050625
1168080813
1168345094
1168426906
1168565937
1168772875
1168879531
1169158250
1169203937
1169227562
1169239156
1169488968
1169566375
1169719125
1169748687
1169796499
1169822343
1169909062
1169986187
1170088843
1170106218
1170169156
1170212937
1170306687
1170350531
1170472530
1170537874
1170575093
1170629155
1170739812
1170774124
1170836374
1171009187
1171093999
1171150936
1171248218
1171268843
1171383655
1171513874
1171530968
1171618218
1171688186
1171885624
1172047686
1172166155
1172253811
1172278405
1172399186
1172777405
1172947811
1173182779
1173295373
1173319404
1173458748
1173481779
1173642498
1173716373
1173827810
1173861560
1174247654
1174306216
1174354435
1174478341
1174494466
1175154810
1175287529
1175320622
1175452372
1175472497
1175502497
1175547747
1175669028
1176326934
1176400497
1176443528
1176696184
1176767059
1176986309
1177014684
1177103653
1177166528
1179329714
1179424183
1180882870
1180919339
1181107620
1181841995
1181929963
1182027995
1182370994
1182475369
1183201244
1183249432
1183266619
1183354900
1183792588
1186437805
1186495180
1186705868
1186734430
1187477774
1187517586
1187664992
1187717086
1187774961
1188599242
1188744179
1189806054
1189917523
1190188304
1190801554
1191174835
1191236647
1191273616
1191432022
1191584928
1191605147
1191851553
1192038584
1192064647
1192203522
1192427772
1193257209
1193337771
1193433553
1193597084
1193639396
1193813677
1194947396
1196736895
1198894144
1199226144
1199989644
1200075175
1201133768
1201398581
1201450612
1201502018
1201562955
1202164330
1202494143
1202694330
1202937174
1203712548
1203736205
1203829142
1204043048
1204149548
1204449861
1204823017
1205266548
1205429454
1205469016
1205552766
1205564141
1205575454
1205588235
1205628016
1205729766
1205804610
1205884485
1205906235
1205994954
1206110047
1206479766
1206536797
1206552172
1206693485
1206814453
1206887422
1206976266
1207046485
1207111891
1207249797
1207311266
1207352078
1207365109
1207561797
1207624141
1207661672
1207817609
1207880140
1207941515
1207968328
1208083109
1208130453
1208295672
1208333984
1208418015
1208703890
1209209890
1209351859
1209384265
1209437921
1210554171
1210889764
1210926858
1210983452
1211439639
1211453920
1211467295
1211509952
1211622358
1211856858
1211885139
1212083951
1212288514
1212400107
1212438889
1213024888
1213130170
1213144482
1213167138
1213352670
1214106388
1214145919
1214340263
1214443638
1214650638
1214864763
1214932763
1215082231
1215110731
1215144200
1215641919
1215769669
1215819044
1216069668
1216961074
1217046293
1217067012
1217089199
1217202887
1217796918
1218043011
1218302136
1218785574
1218800136
1218914355
1219121448
1219604979
1220018042
1220441573
1220743260
1220881135
1221066073
1221142948
1221215385
1221348979
1221866260
1222183197
1222434603
1222850009
1222894228
1223024572
1223597572
1223789634
1223814197
1224359821
1224372696
1224483915
1224631102
1224709071
1225750883
1226084102
1226407508
1226683445
1226736352
1226760758
1226928727
1227058039
1227223351
1230569444
1235931254
1236087160
1236593004
1238743066
1239635409
1241086596
1242707251
1243868939
1243922313
1244038970
1244089813
1244903657
1244948876
1244995751
1245101657
1245144094
1245263625
1249513249
1250763404
1251248092
1251367935
1251456654
1251488967
1252404810
1252996591
1253076872
1253550810
1253685060
1253740278
1253949872
1254016778
1255464465
1255474934
1255670309
1255855277
1256149590
1256197684
1256222309
1256333902
1258946057
1259008839
1259064214
1259157557
1259246714
1259502338
1259743307
1260494963
1260587244
1260670682
1260774275
1260829244
1260929338
1260937557
1261196900
1261445681
1261479713
1261631463
1261656744
1261683963
1261739713
1261901869
1262029056
1262103431
1262142462
1262573744
1262610650
1262972993
1263056712
1263225931
1263351306
1263397681
1263444431
1263501243
1263943774
1264141837
1264190337
1264510774
1264513805
1264539086
1264666899
1264789461
1265068117
1265343149
1266197398
1267658710
1267862991
1269435147
1269518803
1269598491
1269738897
1269825366
1270119584
1270187772
1270210553
1270300022
1270356147
1270406459
1270748303
1270786303
1270809678
1271097803
1271175646
1271238615
1271246459
1271516427
1271673084
1271738052
1271756771
1271819427
1273408833
1273486739
1273550989
1273659958
1273931426
1273968739
1274004739
1274320426
1274432957
1274641864
1274979395
1275072332
1275107488
1275209770
1275306926
1275544957
1275714863
1275763363
1275818988
1275851769
1275880176
1276009676
1276098613
1276147019
1276198769
1276237238
1276323550
1276428957
1276479894
1276570644
1276625332
1276794269
1277072488
1277136488
1277159456
1277177050
1277369175
1277431706
1277458956
1277506081
1277545394
1278070081
1278233956
1278383268
1278556143
1278896549
1279546674
1280185174
1280214174
1280445174
1280535205
1280823361
1280861799
1281179236
1282144298
1282429017
1282580923
1283009454
1283265829
1284259704
1284338610
1284858516
1284943453
1285588359
1285822953
1285882078
1286029203
1286077328
1286240484
1286315015
1286338390
1286394984
1286538765
1286775546
1286786359
1286839234
1287170171
1287240702
1287301202
1287434796
1287695140
1288218983
1288632171
1288996452
1290975920
1291009545
1291272201
1291325169
1291784263
1291927638
1291976044
1292225638
1292627513
1292908356
1292950138
1292992481
1293022450
1293131481
1293249981
1293419044
1293562512
1293621044
1293727950
1293801325
1293895043
1294704731
1294789606
1294917512
1295132887
1295202730
1295423230
1295784949
1296076668
1296327324
1296356886
1296556636
1296673980
1297165917
1297511698
1298508510
1302619071
1302975321
1304202508
1304546664
1305107226
1306238820
1306370132
1306507570
1306678601
1306719007
1306948132
1306972913
1307023663
1307073569
1307087538
1307466350
1307642100
1307675975
1307902788
1307974413
1308738662
1308844412
1308949319
1309363506
1309382287
1309848818
1310271099
1312554192
1312876505
1312996942
1313400161
1314472598
1315998128
1316383628
1321312782
1321376720
1322461094
1322641719
1322749251
1322884969
1322909532
1323376282
1323448657
1323653094
1323717563
1323791156
1323950031
1324082063
1324193656
1324890218
1324949500
1325381875
1326052281
1326115624
1326139374
1326233562
1326265468
1326932749
1327355561
1327454311
1327773155
1328092436
1328228686
1328487217
1328803592
1329337404
1333748371
1333762777
1333871121
1333880746
1333899371
1333943527
1334002871
1334083746
1334150684
1334174840
1334223808
1334670902
1334744433
1335101246
1335732589
1336498245
1336553776
1336568745
1336618933
1336758682
1336782901
1336836245
1337006995
1337212432
1337486026
1337963057
1338004369
1338050713
1338187588
1338320463
1338463369
1338513526
1338580588
1338608682
1338812963
1338944432
1339174431
1339458150
1339738306
1339757525
1339878962
1341326587
1341668337
1341845524
1343670273
1344848210
1344948304
1345052492
1346031866
1346796741
1347432834
1347484022
1347519834
1347578116
1347664959
1350689833
1350998489
1354023301
1356217206
1356626581
1356945643
1357014237
1357036112
1357061081
1357098643
1357312393
1359266736
1359312486
1360687173
1360951923
1360975391
1361071766
1361091954
1361697266
1362023797
1362090110
1362112829
1362165297
1362191860
1362431422
1362481016
1362700735
1362766422
1362944797
1362984016
1363043109
1363199047
1363366734
1363427828
1364677359
1364796046
1365395202
1365624202
1367097389
1367577045
1368075920
1368110076
1368213701
1368776326
1368966576
1369772982
1370387763
1370503075
1370549856
1370619856
1370819106
1371141231
1371484387
1371797950
1371911418
1371933168
1371970918
1373038262
1375072917
1375175323
1375309198
1375327542
1375868854
1375946104
1376203385
1376351542
1377031948
1377225572
1377378197
1377584822
1378052385
1378282447
1378810791
1378944416
1379435603
1379638446
1380475821
1380609446
1380905602
1380973571
1381134321
1381218883
1381599539
1381687821
1381763227
1381796477
1381812071
1382011164
1382056289
1382091946
1382286820
1382641727
1383037164
1383848132
1384836007
1384852663
1384873069
1384940257
1385086382
1385105538
1385173101
1385456507
1385506100
1386055350
1387017850
1387207443
1388143006
1388290131
1388895755
1389081911
1389156161
1389877099
1391236379
1391714379
1392356066
1393105254
1393330691
1393546941
1395619815
1395677159
1395844502
1396136127
1396170034
1396226252
1396303815
1396318971
1396374502
1396664471
1396786783
1396895565
1397186314
1397249846
1397313221
1397381564
1397405158
1397646346
1397676845
1397818158
1397837408
1398413033
1398536501
1398560220
1398671314
1399327376
1400058313
1400237626
1400679501
1400974063
1401423157
1401448844
1401516500
1401540844
1401917906
1402388344
1402794718
1402815281
1402889562
1403175500
1403348437
1403901906
1404943030
1405851248
1406077123
1406437842
1406499842
1406526061
1407039373
1407256310
1407864623
1408871404
1410727528
1411054996
1411411277
1411444277
1412027277
1413272245
1413297402
1415148557
1416971838
1421125742
1421159555
1421351367
1422224586
1422608460
1422972148
1423005773
1423339585
1423951460
1424091772
1424314304
1425756115
1427143271
1427478052
1428001771
1428215552
1428289364
1428976083
1429532864
1430118645
1431639519
1432457769
1432534113
1432844144
1433422550
1433487737
1433521519
1433778925
1433828643
1434181925
1434371268
1435234955
1435420955
1435725143
1438343860
1438560673
1440557891
1445797482
1445884295
1446225389
1446392701
1446641451
1446778482
1446822795
1446940294
1447598825
1448722763
1449598825
1451816980
1452974136
1453287979
1453378354
1453452073
1453474354
1453533542
1453646136
1454017917
1454061167
1454366416
1454426823
1454468479
1454549979
1454722198
1455356104
1455388510
1455406385
1455522666
1455564072
1455857010
1456228509
1456271103
1459643414
1460091102
1461629476
1462130257
1462187695
1462204413
1462235007
1462419632
1463764913
1464048256
1464090569
1464242288
1464378256
1464402287
1464500287
1464545725
1464637162
1464661100
1465032006
1465134662
1465197787
1465323225
1465424068
1466058474
1466083787
1466173787
1466368724
1466918474
1466964286
1467103443
1467187380
1467291193
