321325087
322862212
322926493
322950462
322966399
331866180
332038212
332235337
332359868
332483180
333059274
333406243
333622118
338012493
342119399
343893993
344011055
344316649
344418337
345074337
345279399
345832243
346888524
349071680
350631555
352833024
353062930
353247899
360408180
360653462
360911274
360992493
361375493
362915399
363328524
363631368
363733805
363958368
369053962
369576430
369731993
369787399
369855430
370092743
370126180
370222118
370259180
370400337
370527555
370577837
370656712
370731337
370795805
370965712
371214180
371506993
371612493
371868993
372037587
372091024
372168805
372193368
372257837
372305149
372327149
372401055
372454462
372498555
372554680
372604430
374565399
374586462
374645930
374731680
374926555
375004524
375061305
375069180
375159743
375196399
375224212
375276649
375306243
375329587
375363962
375428493
375502493
375533805
375572087
375616180
375681649
375715524
375742024
375759774
375779930
375832462
375872243
375897868
375958618
375993055
376044962
376127430
376185962
376246274
376277712
376337837
376386805
376458243
376497962
376675368
376771712
376834712
376856587
376867118
376875493
376910274
377029493
377086087
377103399
377130993
377148680
377217399
377238337
377286399
377308743
377562899
382192962
382315712
382377805
382860493
382952430
383060399
383237587
383473024
384098712
384212118
384676524
385548243
386422649
387010462
391638899
391748587
392336899
392506868
393730055
396276587
400704680
400979805
401379993
401548587
406207243
407715743
407821243
408003993
410673493
410795712
411040118
411387243
411483337
411543930
411647805
411734930
411962087
411989274
411998962
412075118
412114368
412163180
412326993
412451618
412521055
412588274
412635712
412728149
412771368
412868868
412914305
412958430
413013962
413198118
413244743
413304055
413380805
413403774
413447180
413510305
413517712
413534087
413539243
413555493
413564337
413586930
413623462
413632180
413667587
413698149
413745774
413895962
413993962
414033587
414055274
414072337
414131618
414180180
432095305
432844180
447557930
460467649
460528587
460555993
460565837
460591149
460604055
460669462
460689649
460735962
460796868
460806243
460815399
460896899
460905712
460927837
460956462
461003399
461050962
461250180
461509180
461627962
462122618
462194805
462322118
462434243
462487899
462530493
462567243
462648587
462787524
462892368
462989087
463077024
463170618
463496680
465053180
465146899
465172087
465193024
465240649
465255680
465285118
465299587
465316774
465324118
465328962
465343680
465371337
465379618
465417868
465430587
465445118
465466618
465476868
465493055
465520149
465539899
465567118
465578399
465618774
465629962
465642555
465659649
465696399
465714118
465796118
465824024
466000680
466057618
466089899
466190868
466240024
466277680
466328618
466395555
466441680
466533305
466590649
467394618
467535055
468252274
468342555
470637805
482598962
485311180
516568118
516792712
517769055
518857493
533753024
538596430
538796243
539041399
548600087
548715962
548948087
549021774
549105055
568675305
571320305
571333680
571361087
571383055
571401055
571432774
571467743
571484962
571504774
571519649
571569618
571616555
571657618
571685774
571703618
571723118
571737368
571759493
571861368
571878993
571924680
571975899
572058868
572116274
572139430
572171118
572240899
572253868
572273649
572308024
572389399
572418649
572449462
572505899
572576837
572678868
572713805
572750305
572842899
572872399
572964962
573010962
573040930
573074337
573230899
573251368
573310337
573338587
573437962
573485399
573612462
573857555
573908868
574225024
574357243
574410399
574514743
574593024
574656962
574732274
574820743
575030368
575172712
575266680
575396680
575459149
575710587
575760305
575891024
575920399
575940243
575955212
575979930
576053868
576147555
576245055
576304149
576359524
576527899
576557243
576575180
576722305
576801993
576824962
577023587
577058462
577091274
577115274
577161555
577213774
577249243
577296087
577314462
577381368
577425180
577713837
577795118
577810930
577845868
577852962
577858805
578053649
578476055
579741024
579977430
580034930
580137055
580194837
580210680
580534930
580658868
580992149
581117118
581155680
581623493
581715649
581838212
581893024
581951743
581986837
582053930
582151118
582230930
582257430
582375430
582431430
582455024
582474149
582537368
582563368
582596805
582648993
582768962
582790962
582836430
582875743
582940462
582974274
582995274
583034680
583075712
583124055
583203930
583268274
583336524
583375962
583450712
583473149
583506587
583539368
583581805
583590930
583662774
583775555
583818462
583830462
583865055
583913962
583925899
583944618
583974212
584020743
584045555
584063149
584073430
584087337
584104430
584123243
584135962
584149743
584192993
584268649
584344243
584400805
584530524
584636743
584758243
584849118
584964993
585073774
585414024
585424524
585528087
586022055
586233899
588102118
588701462
590301274
598783712
625883993
625934055
625980962
626038524
626050743
626075712
626115368
626162212
626181243
626188399
626204243
626221055
626241993
626257618
626311024
626321180
626331493
626383618
626427993
626446368
626478868
626515805
626563087
626611837
626671743
626763024
626788899
626825399
626874368
627242930
627295837
627351993
627448962
627583462
628246587
628316743
628513993
628603837
628645649
628735680
630064243
630452837
630836087
631294493
631324087
631359618
631432180
631541243
631599930
631662680
631710180
631788962
631969587
632040399
632055180
632187180
632198493
632219337
632236868
632252774
632287587
632321274
632363712
632376180
632641805
632666055
632699680
632751774
632781805
632823837
632838493
632862493
632872118
632895930
632915837
632933118
632981399
632989055
632998368
633024180
633031305
633054524
633108430
633114368
633126274
633142462
633161368
633188555
633214649
633227462
633236930
633250462
633262337
633301993
633317618
633323837
633337774
633363837
633383524
633421399
633450587
633462399
633494805
633527180
633562430
633590712
633616837
633663993
633679712
633723305
633752712
633777180
633788024
633880462
633938868
634112587
634154680
634206587
634260462
634278368
634346399
634393618
634450743
634491712
634567493
634613087
634710837
634767493
634823837
634851493
634955649
635513524
635650680
635775712
635855930
635904212
635960805
636012274
636088774
636236993
636512430
636762587
637014618
637061087
637137305
637215399
637335962
637415712
637449680
637605149
637780274
637834868
637891680
637976837
638095743
638111555
638237243
638327649
638384055
638652368
638721149
638974149
639067368
639239055
639359555
639455462
639855305
639955243
640052962
640242587
640417962
640450618
640469274
640547337
640573368
640643087
640679493
640709805
640755368
640780368
640884805
640949493
641155430
641249524
641271337
641329837
641362493
641441024
641475712
641490680
641589962
641686774
641744430
641778868
641812962
641865274
641877368
641948149
642007305
642058493
642092962
642123649
642163618
642244118
642265180
642294587
642306337
642335712
642377212
642389899
642419493
642442055
642459118
642472368
642506180
642524587
642592180
642619962
642665712
642674305
642722993
642762024
642786587
642841837
642864212
642895243
642986430
643004930
643027055
643055462
643088618
644888680
644955024
645159493
645307680
645406274
645511087
645607180
645715118
645743649
645757493
645766962
645878618
645958368
646023243
646074743
646096212
646161305
646194212
646335337
646420774
646623618
646701305
646853180
646974930
647172555
649205368
649680868
649926243
650611618
650657868
650776118
650922962
650966774
651191743
651345962
651561618
651853993
651918430
652121087
652555618
653111024
653325587
659137524
669201087
694490368
707732774
708248399
708491649
708557743
708611305
708640868
708666305
708692274
708747274
708775118
708839962
708876337
708960618
709140680
709185430
709299212
709319430
709331774
709357118
709372180
709506274
709540712
709560805
709584087
709693837
709728149
709815118
709854055
709891649
709908962
709915837
709928805
709940055
709951993
709978368
709990930
710017868
710030180
710047274
710085243
710114024
710135649
710167118
710257055
710416180
710561587
710615024
710751868
710825212
710880368
710946618
711000024
711022930
711052712
711095368
711194649
711251243
711558837
711656618
711737087
711830837
711878118
711894149
711930305
711950680
711974868
712118118
712125618
712186712
712246180
712299555
712328868
712355305
712384493
712436805
712583962
712650399
712681993
712716993
712793399
712891399
712991868
713100055
713209243
713281774
713436462
713636837
713731462
713805962
713883462
713936993
714011805
714066212
714270587
715020587
715790212
716323055
716503930
716575868
716778743
716953587
717438774
719219587
719273055
719284430
719311274
719325212
719363305
719375462
719387368
719394305
719430337
719443962
719458993
719474899
719505712
719541524
719560712
719573930
719634993
719699524
719718243
719738805
719765149
719771868
719789180
719804368
719832587
719852493
719896868
719913837
719957774
719971430
720004805
720045024
720152774
720216524
720245087
720318180
720346305
720362837
720438337
720475180
720488899
720517493
720535024
720597555
720648649
720684899
720802680
721081368
722946055
725869337
725928993
726076368
726312149
726408930
726591524
726925024
727960274
728049212
728139087
728268399
728392149
728485399
728697149
728806118
728927805
729118837
729238024
729330399
729387274
729669274
729839837
729976149
730076430
730820274
731157399
731689087
731821524
731969087
732255649
732690087
732889649
733055993
733319337
733463180
733582993
733697212
733815587
734002524
734114868
734267337
734716087
734977493
735094868
735521930
736117024
736157430
736241774
736305837
736323305
736348618
736374868
736397743
736430430
736506555
736513680
736531055
736535618
736569649
736610774
736648212
736665618
736722524
736734087
736801243
736824712
736838743
736855524
736875024
736881212
736893774
736902743
737621493
753776805
753813243
753827180
753839930
753859680
753881180
762741680
777883837
778028368
778121462
778225274
778528305
778597274
781205087
781223243
781341618
781366087
781407118
781421868
781448712
781465743
781502430
781509274
781517399
781526149
781537493
781545743
781562930
781568774
781583899
781602180
781661680
781690462
781731243
781779680
781803524
781839899
781848993
781914274
781940462
781988493
782064430
782273868
782313618
782402649
782458493
782892243
782974993
783077555
783138118
783355712
783527805
783602493
783721337
783773774
783788368
783825024
783850337
783891587
783919774
783952899
783988743
784085055
784092212
784116618
784168962
784235399
784295055
784324930
784338587
784438930
784478305
784504618
784790399
784898899
785030680
785144587
785270118
785404337
785473524
785521305
785548430
785578680
785616930
785758212
785870274
786034555
786209743
795156399
795263305
795291430
795307774
795360524
795373868
795381712
795396649
795411524
795423680
795449305
795458274
795478024
795551555
795570774
795616368
795624774
795641274
795652837
795667180
795708837
795744399
795760555
795795055
795805805
795850555
795863337
795888243
795896805
795902774
795926743
795938274
795954868
796038962
796076712
796110180
796125149
796156743
796199462
796297587
796355180
796388993
796448305
796527930
796547087
796619118
796771243
796804118
796826774
796869899
796877649
796883618
796932274
796944774
796953212
796987430
797013149
797080524
797113149
797179899
797519055
797605649
797687430
797784899
797850962
797908118
798055493
798264899
798349743
818190149
818491462
818677243
819011587
819100212
819599180
819672462
819804868
819847118
819904743
819946962
819978774
820007524
820082618
820118962
820132587
820162993
820194180
820225868
820247774
820277118
820298837
820323399
820368055
820407118
820423055
820449024
820498149
820508587
820514243
820535993
820592180
820613368
820631899
820660712
820692524
820750180
820775430
821039930
821076180
821145180
821180399
821234212
822572555
822940680
830447930
830521649
830569493
830615430
830624618
830639149
830672837
830721524
830758930
830770680
830777774
830803712
830838962
830874868
830889305
830895430
830911399
830921899
830943587
830952462
830978243
830988962
831001524
831008587
831022337
831036805
831057524
831069493
831086055
831098118
831103305
831118743
831185993
831195649
831227087
831273587
831283399
831299149
831312618
831328743
831374087
831564868
832022618
832102774
838646149
844703243
847418430
857564368
863972087
895526024
953926212
953978243
957373305
961370118
962862743
963123493
963595930
963618430
963646805
963716837
963781774
963788399
963822149
963840555
963852555
963875649
963890618
963907243
963944243
963969305
964021024
964050805
964106618
964137337
964194743
964209805
964226524
964238243
964276587
964318743
964352243
964390712
964425993
964431993
964474805
964556212
964596212
964802930
964902493
964958618
965017618
965074055
965148274
965222930
965322493
965393243
965434774
965506055
965527587
965586149
965675555
966434680
966609212
966834712
967073743
968914680
969005430
969064680
969117462
969155180
969190243
969254149
969348649
969375587
969566493
970066055
972379649
972531962
975518680
975736930
977742649
977806430
977851243
977871399
977937462
978035618
978146805
978177118
978245899
978283837
978412493
978523774
980328087
980432743
981866212
981895024
981906149
981913243
981922899
981932899
981941712
981983712
981994587
982277212
982296587
982314587
982334087
982353180
982410399
982436024
982462649
982490305
982559055
982616149
982633805
982658149
982691805
982711555
982725524
982740180
982812805
982830774
982838118
982844462
982851993
982872524
982877274
982883368
982894774
982903962
982915555
982924962
982941805
982981493
983015712
983031337
983055649
983069305
983102118
983175212
983193087
983296712
983633805
983732930
983771743
983823743
984021024
984085993
984166087
984183680
984267743
984287837
984449743
984538305
984577462
984606212
984663524
984754180
984783524
984918524
985032087
985122962
985553055
985742305
985959587
986343555
986375087
986405899
986435055
986625055
986650337
986683305
986691649
986740837
986826399
987413805
988280524
988379368
988640399
990215243
992706680
992783055
992846149
992872055
993074555
993141243
993175712
993237524
993283149
993303649
993356368
993517930
993610618
993672493
995606274
995796337
995977305
996054649
996182587
996240743
996306430
996391430
998199024
998479805
1011792930
1013462055
1013573899
1013713055
1013815649
1013938430
1014175837
1014258274
1014472149
1015065587
1015147524
1015471024
1015535962
1015775149
1015814555
1015856462
1015981868
1016039899
1016270868
1016449805
1016484712
1016530712
1016619087
1016705993
1016893587
1016968212
1017151399
1017341337
1017392243
1017492399
1017502587
1017537493
1017547118
1017568087
1017574774
1017590493
1017610899
1017644399
1017658774
1017699399
1017734493
1017803430
1017869774
1017910024
1017983180
1018035368
1018077430
1018121868
1018198399
1018265805
1018275618
1018349368
1018397837
1018415555
1018482962
1018499774
1018547587
1018562180
1018568462
1018575493
1018618555
1018631368
1018639743
1018646212
1018663462
1018762555
1018788649
1018812868
1018871212
1018890524
1018966524
1019179743
1019243743
1019392774
1019414243
1019426868
1019485430
1019500993
1019509493
1019556555
1019598087
1019605024
1019631274
1019670712
1019679462
1019688118
1019698680
1019704587
1019917805
1020316118
1020451368
1020458837
1020471899
1020485024
1020499305
1021127868
1021173837
1021296087
1021420305
1021495305
1021705149
1022112555
1022189805
1022367837
1023161587
1023181524
1023219055
1023225368
1023235899
1023248680
1023287587
1023296649
1023308743
1023314743
1023336680
1023437118
1023448024
1023455524
1023474118
1023529055
1023572024
1023602368
1023709337
1024339243
1024441024
1024529649
1026237774
1026291368
1026485618
1026850993
1026965555
1027317337
1027371087
1027405462
1027424055
1027439618
1027453149
1027485587
1027530024
1027581555
1027660212
1027666712
1027697618
1027743774
1027761555
1027828680
1027888462
1027957587
1028030149
1028429618
1028745180
1031581868
1038088024
1038216837
1038258024
1038318993
1038364774
1038447743
1038472899
1038488555
1038541274
1039150680
1039159868
1039179243
1039192524
1039201587
1039234212
1039273212
1039289962
1039310899
1039331555
1039345899
1039363524
1039386774
1039419399
1039424805
1039439962
1039452587
1039459524
1039465462
1039471649
1039504524
1039524743
1039537243
1039552493
1039584774
1039661180
1039703024
1039718118
1039724743
1039780337
1039814430
1039826212
1039865305
1039912680
1039942993
1039964087
1040018118
1040036743
1040050399
1040105274
1040134399
1040158618
1040190087
1040229243
1040385087
1040517993
1040541805
1040675774
1040789024
1041009493
1041447493
1041726680
1041841055
1042957743
1043474899
1043676462
1043744305
1043960024
1044019555
1044264805
1044652805
1044732462
1045775430
1046073274
1046587774
1046764337
1047008649
1047142462
1047186868
1047280368
1047360743
1047449993
1047514305
1047628337
1047696649
1047805962
1047885462
1047965680
1048197462
1048258087
1048322649
1048402337
1048462024
1049085024
1049261399
1049313149
1049364555
1049457180
1049480618
1049536274
1049708399
1059306555
1059310462
1059422524
1059602524
1059621493
1059713993
1059968899
1059982774
1060193368
1060303993
1061104587
1061316462
1062344587
1066716305
1068127680
1068425430
1068882462
1070108337
1070283305
1070413462
1070560337
1070637868
1070696680
1070886430
1070950899
1071033555
1071076680
1071173524
1071201212
1071226305
1071266743
1071303368
1071323680
1071348368
1071401587
1071415868
1071457274
1071471118
1071494180
1071507618
1071531743
1071559087
1071582774
1071598024
1071624555
1071654930
1071698368
1071723524
1071764212
1071791805
1071825337
1071841118
1071876868
1071917680
1071923993
1071940899
1071954055
1071973024
1072025243
1072070805
1072119055
1072134743
1072154399
1072214274
1072223774
1072265180
1072294805
1072303305
1072383462
1072425055
1072490712
1072597899
1072646149
1073011712
1073161243
1073281055
1080497555
1080614055
1080820055
1080852774
1080881680
1080963493
1081063462
1081137024
1081250930
1081468712
1082285618
1082445024
1082478337
1082513899
1082648462
1082729368
1082843962
1083284743
1083750649
1083807555
1083836462
1083873399
1083915962
1083985805
1084042243
1084093555
1084137962
1084194743
1084282805
1084359587
1084427274
1084477743
1084616649
1084665962
1084760430
1084790149
1085297305
1085748274
1086106555
1086269305
1086381305
1086758899
1086792743
1086818962
1086842493
1086865837
1086922524
1086931024
1086937149
1086944868
1086959212
1087023087
1087067993
1087088868
1087123555
1087140337
1087166618
1087177524
1087196962
1087207462
1087244899
1087251462
1087264649
1087281899
1087291274
1087356430
1087463024
1087544462
1087568274
1089291149
1089510805
1089907493
1089960587
1090093555
1090110712
1090187274
1090274555
1090347055
1090413180
1090465962
1090561962
1090719274
1090764774
1090900399
1090991993
1091052180
1091133337
1091280680
1091348524
1091437462
1091583837
1091845243
1092110618
1092249118
1092995493
1093200274
1093292524
1093429774
1093529337
1093603555
1093670087
1093710087
1093760743
1093791587
1093804587
1093904899
1094119305
1094251055
1094620212
1094784337
1094866337
1095094837
1095143868
1095204368
1095434024
1095462837
1095545899
1095709774
1095942368
1096464087
1103990618
1104203180
1110285368
1110347055
1110672462
1113477993
1113608930
1113930774
1114145368
1114465305
1116527430
1124202087
1124581680
1124642680
1124714493
1124778149
1124914024
1125224618
1125939618
1126025993
1126111118
1126296868
1126366837
1126401493
1126530055
1126776930
1126874555
1126902743
1126989712
1127014243
1127062618
1127104118
1127124274
1127151680
1127170462
1127186149
1127230118
1127291118
1127304274
1127372993
1127392055
1127417712
1127451493
1127540149
1127578024
1127600899
1127614618
1127712337
1127814212
1127854243
1127949993
1128010368
1128036524
1128121368
1128141618
1128229180
1128290024
1129392399
1130303274
1130425837
1130647399
1131099274
1131201618
1131395962
1131470899
1131590618
1134912337
1135242399
1135391462
1135677274
1135737212
1135803055
1136121055
1137566805
1137626712
1137664555
1137750368
1137818930
1138210993
1138904587
1139015430
1148542305
1170258087
1172323462
1176065243
1178866618
1179009274
1179577618
1181452993
1182383899
1182507337
1182554805
1182665180
1182760805
1182784274
1182890055
1182930305
1183164399
1183300587
1183404368
1183461180
1183577837
1183702024
1183762555
1183782399
1183793305
1183800462
1183807337
1183815399
1183828899
1183848587
1183872274
1183895243
1183922993
1183933837
1183947055
1183962743
1183979212
1183987180
1184002555
1184024087
1184074493
1184079493
1184126024
1184142055
1184158493
1184165618
1184220430
1184238305
1184281149
1184378962
1184426805
1184469993
1184498274
1184587180
1184608212
1184693305
1184780587
1195333087
1195968180
1196045743
1196104055
1196137993
1196236243
1196250337
1196285368
1196382087
1196473774
1197138368
1197262274
1197398274
1197761180
1197866212
1197979087
1198086337
1198179368
1206281649
1206374274
1206410930
1206422805
1206439618
1206479274
1206530743
1206588712
1206672712
1206842993
1206917243
1206970524
1207029243
1207174493
1207259055
1207295868
1207351305
1207391024
1207415524
1207428493
1207609368
1207661118
1207748930
1207870680
1207966837
1208062212
1208116243
1208280274
1208388055
1208443712
1208475680
1208656024
1208715212
1208943587
1208965430
1209040774
1209077805
1209120649
1209249462
1209320368
1209558087
1209697618
1211408149
1211580962
1211848805
1212014712
1212762243
1212791243
1212859930
1213709962
1213826930
1213854430
1213892118
1213916087
1213998149
1214087524
1216532149
1216588805
1216794555
1216893493
1216949399
1217047024
1217101555
1217400180
1217454587
1217540774
1217582493
1217610743
1217677462
1217716462
1217724430
1217802649
1217963587
1218396930
1218513055
1218565649
1218606774
1218626212
1218656243
1218662930
1218692774
1218707649
1218725743
1218745212
1218787055
1218803055
1218913899
1218967587
1218993962
1219018712
1219097680
1219286430
1219299087
1219451212
1219598118
1219666868
1219759462
1219790587
1219912430
1219933930
1220033524
1220060118
1220080837
1220101712
1220125805
1220167305
1220202774
1220228462
1220271899
1220276993
1220288962
1220326274
1220337774
1220388087
1220411024
1220454337
1220470899
1220499055
1220523243
1220565868
1220618368
1220674055
1220696024
1220716305
1220783649
1220890149
1220922680
1221038680
1221100899
1221120743
1221182587
1221518680
1222161180
1222208712
1222313305
1222497430
1232609180
1233226430
1233251430
1233362712
1240300180
1242811743
1243052399
1243209212
1243272587
1243383618
1243554462
1243587555
1243679305
1243848368
1243954055
1247192337
1277899930
1277977680
1278149587
1278203493
1278247180
1278269649
1278750055
1278889837
1279025837
1279126493
1280364680
1280462805
1281039993
1281176337
1281567930
1281638837
1281827587
1282072524
1282179087
1282292743
1282361305
1282434837
1282472149
1282798305
1282936305
1283152055
1283837837
1283922868
1284044743
1284090743
1284152899
1284173180
1284197930
1284214524
1284314774
1284333055
1284376524
1284387712
1284408712
1284524962
1284541930
1284637805
1284650430
1284710524
1284723774
1284736774
1284786649
1284807149
1284817024
1284853493
1284876180
1284902962
1284958930
1284973649
1284998399
1285027837
1285052305
1285089524
1285118430
1285167649
1285298118
1285325555
1285425368
1285447368
1285478993
1285494524
1285500743
1285551899
1285577743
1285625805
1285658962
1285720868
1285741774
1285767180
1285806180
1285860087
1285905993
1286003055
1286053024
1286225587
1286266555
1286285243
1286360743
1286415055
1286534587
1286565180
1286585774
1286663524
1286786868
1286857399
1287062837
1287154462
1287217868
1287241899
1287298243
1287371430
1287390493
1287417587
1287454243
1287510180
1287666024
1287745618
1287854555
1288053930
1288263837
1288344524
1288390493
1288445337
1288507337
1288534993
1288593462
1288625087
1288697274
1288943555
1289037024
1289085524
1289144743
1289269993
1289328118
1289340743
1289362524
1289404680
1289426743
1289543024
1289606118
1289687337
1289772149
1289795930
1289808399
1289935087
1290000462
1290098337
1290125649
1290173618
1290367118
1290387899
1290510149
1290566868
1290616212
1290944430
1291012055
1291141587
1291187462
1291212024
1291254524
1291415899
1291485587
1291548055
1291659680
1291852305
1291996118
1292058337
1292147899
1292346712
1292671805
1293097024
1293110743
1293197555
1293204368
1293213555
1293238337
1293303243
1293315399
1293381430
1293392930
1293458243
1293591712
1293615118
1293647587
1293761399
1293792087
1293851649
1294055712
1294158618
1294296774
1294348837
1294442399
1294491680
1294519993
1294581087
1294615430
1294756618
1294873430
1294931649
1294944587
1294988274
1295079274
1295130149
1295192649
1295245587
1295292055
1295306368
1295339774
1295451337
1295560149
1295624743
1295683680
1295867743
1295883087
1296050337
1296104462
1296130680
1296280430
1296410712
1296461712
1296649430
1296757962
1296912930
1296974618
1297084649
1297173899
1298015368
1299373024
1299507587
1299600274
1301011087
1301197493
1301265305
1301407899
1301455712
1302320680
1302580618
1302677368
1302820055
1302988962
1304435837
1307838868
1307894712
1307975774
1308103055
1308179899
1308236399
1308321087
1308365493
1308399337
1308556055
1308616149
1308649149
1308682118
1308757024
1312875430
1312962055
1313100868
1313130337
1313197180
1313220274
1313293024
1313306305
1313338680
1313375493
1313397212
1313437774
1313475868
1313634212
1313666149
1313713149
1313774524
1313867993
1313997712
1314102618
1314258305
1314404462
1314504149
1314655087
1314710430
1314777305
1314788368
1315060743
1315112712
1315150680
1315187399
1315254024
1315290337
1315405118
1315469024
1315595743
1315631524
1315692055
1315730274
1315774149
1315820462
1315900774
1316004868
1316034493
1316062430
1316228087
1316282087
1316461524
1316620587
1316680649
1316727805
1316795524
1316918462
1316969743
1317018493
1317086899
1317214212
1317260618
1317339805
1317416587
1317524837
1317573462
1317616993
1317671430
1317736868
1317757587
1317898087
1317932493
1317980399
1318221868
1318277087
1318353180
1318398118
1318420430
1318521087
1318548837
1318603024
1318654837
1318735649
1318801899
1318842837
1318908462
1319015805
1319122274
1319186587
1319214712
1319230337
1319457149
1319557399
1319577493
1319866930
1319912805
1320026243
1320080712
1320136430
1320250368
1320342493
1320392837
1320437555
1320480899
1320567368
1320611774
1320670399
1320812212
1321044930
1321140243
1321329149
1321415805
1321546337
1321571774
1321599743
1321652149
1321688587
1321755618
1321785774
1321951368
1322103930
1322134774
1322157149
1322198305
1322284368
1322373243
1322408649
1322446712
1322485712
1322571430
1322707149
1322833337
1322941305
1322989962
1323072337
1323248587
1323334524
1323355930
1323522462
1323737930
1323816868
1323890149
1323996212
1324121868
1324198555
1324309149
1324491493
1324600087
1324738962
1324873430
1324961524
1325094430
1325141055
1325151337
1325163587
1325174305
1325287774
1325442493
1325520837
1325653337
1325753868
1326139337
1326793118
1326892274
1327006587
1327222618
1327294243
1327379868
1327430055
1327661274
1327780962
1327830462
1327870305
1327970618
1328022649
1328273524
1328373868
1328395337
1328638899
1328728743
1328829524
1328888305
1328929368
1329044274
1329106430
1329181493
1329279868
1329364118
1329447587
1329519024
1329544649
1329591649
1330149930
1330212868
1330343274
1330420774
1330614368
1331102149
1338260055
1338344618
1338562930
1338624649
1338666555
1338701618
1338753180
1338802743
1338823805
1338913462
1338960524
1339001743
1339090118
1339147712
1339217993
1339285930
1339339430
1339351149
1339433930
1339508212
1339569712
1339630899
1339715868
1339894680
1339938555
1340015649
1340141024
1340200274
1340270774
1340340837
1340422930
1340488837
1340556680
1340622962
1340692930
1340802587
1340902555
1340947555
1340990930
1341045962
1341134899
1341165930
1341303805
1341356149
1341420149
1341466243
1341526149
1341594180
1341669774
1341761087
1341854993
1342088368
1342159743
1342233243
1342295368
1342405024
1342565899
1342883524
1343014243
1343313243
1351428618
1364317837
1364456337
1370989712
1371667712
1373989337
1374057337
1374105993
1374120212
1374149930
1374182430
1374201680
1374217180
1374226524
1374289618
1374423712
1374463243
1374501837
1375214212
1375259243
1375333243
1375348399
1375354587
1375362118
1375387587
1375415180
1375421180
1375433055
1375441024
1375455055
1375461337
1375493680
1375512587
1375564805
1375594212
1375616993
1375642555
1375691743
1375711149
1375731368
1375775962
1375788743
1375811587
1375833618
1375938399
1376027993
1376059368
1376068149
1376092212
1376101055
1376139868
1376174149
1376203462
1376350274
1376364680
1376438962
1376527243
1376848899
1376983243
1376999712
1377102899
1377178805
1377552368
1377682618
1377808024
1377912587
1377942118
1377952649
1378026524
1378075618
1378124649
1378158805
1378182712
1378206399
1378244243
1378280837
1378406837
1378481555
1378956587
1383358805
1384734274
1385006399
1385298274
1385604774
1385621680
1385782587
1385944368
1386214930
1386341712
1386465587
1388688399
1388840805
1389858743
1389905149
1389960243
1389979087
1390006680
1390013962
1390074337
1390129524
1390201837
1390224337
1390262399
1390321837
1390354962
1390427212
1390441462
1390489087
1390506024
1390537055
1390545305
1390575024
1390595462
1390615587
1390625805
1390636024
1390671774
1390682243
1390696680
1390732899
1390742149
1390755462
1390787087
1390804493
1390816212
1390827274
1390841430
1390855337
1390881180
1390909118
1390939305
1390988305
1391011649
1391032837
1391128930
1391166993
1391190868
1391225524
1391329618
1391363743
1391398368
1391463462
1391738930
1391801462
1391896899
1392093649
1392203243
1392327118
1392355430
1392391993
1392443930
1392459024
1392496055
1392509962
1392521149
1392528524
1392563587
1392680618
1392692649
1392829837
1392853368
1392890274
1392931774
1392981274
1393115305
1393516055
1393807680
1394405055
1394654243
1395115212
1395134524
1395170087
1395222805
1395243180
1395280430
1395303649
1395364180
1395404399
1395429837
1395555212
1396463649
1396538274
1396576149
1396583837
1396611399
1396619180
1396631993
1396679649
1396695212
1396707524
1396721618
1396777305
1396836149
1396901337
1396954337
1396979899
1397024493
1397052180
1397415555
1397751118
1398217618
1398355430
1398425587
1398857274
1399034555
1399613774
1399729680
1400176180
1400246805
1400353305
1400947899
1401253305
1401338962
1401498055
1401589212
1401695149
1401996805
1402085493
1402220618
1402369118
1402526930
1403154149
1403334587
1403500087
1403684993
1403785837
1403993524
1404192712
1404489743
1404538524
1404603555
1404734212
1405426805
1405596555
1405812212
1405918868
1406545243
1406730055
1406842024
1407070555
1407161524
1407341899
1407427337
1407594555
1407706774
1408261587
1408406930
1408535337
1408591899
1408910305
1408982430
1409044743
1409195337
1409774337
1409857180
1409912680
1410214930
1410424743
1410826930
1410960680
1411227618
1411290274
1411491118
1411717399
1412110618
1412164587
1412287493
1412433680
1412780430
1412868962
1412927868
1413024368
1413130149
1413266118
1413398118
1413586118
1413815712
1413932649
1414371712
1414415649
1414523180
1414592305
1414706087
1414907587
1415053337
1415153743
1415360055
1415476555
1415575555
1415659962
1415747743
1415828649
1415961399
1416086180
1416209680
1416338930
1416512774
1416607337
1416701118
1416799587
1417013087
1417097587
1417386649
1417475368
1417589368
1417701930
1417929243
1418002118
1418402649
1418447805
1418502149
1418692805
1418763243
1418929337
1418969337
1419018680
1419059337
1419095212
1419118899
1419157962
1419169743
1419280587
1419456180
1419776055
1419896399
1420070930
1420209899
1420314305
1420365899
1420391680
1420456837
1420473399
1420488555
1420507712
1420518180
1420572368
1420598337
1420614087
1420665180
1420706274
1420716118
1420731212
1420768055
1420789305
1420797993
1420804493
1420924430
1420930680
1420937180
1420955118
1420968712
1420998493
1421009962
1421026337
1421034055
1421049930
1421075649
1421093962
1421115837
1421147587
1421224805
1421236524
1421328837
1421340087
1421392337
1421430774
1443840712
1447836149
1447886962
1447964274
1448023399
1448052087
1448118805
1448169118
1448186399
1448360118
1448482743
1448491774
1448583212
1448701524
1448760805
1448805399
1448849180
1448861805
1448867712
1448876555
1448923305
1448939899
1448950212
1448974899
1448990462
1449017118
1449074555
1449121024
1449189149
1449255243
1449345462
1449484212
1449567868
1449728743
1449824680
1449914524
1450212337
1450250055
1450275430
1450317524
1450421993
1450443868
1450451587
1450469399
1450480212
1450491649
1450502212
1450518462
1450529993
1450537587
1450615680
1450631368
1450681587
1450764462
1450918055
1450962024
1451045649
1451127055
1451207712
1451296868
1451346712
1451399712
1451496899
1451527993
1451578149
1451604993
1451704118
1451742555
1451827493
1451901368
1452045462
1452090587
1452185087
1452261118
1452334587
1452433180
1452495493
1452558243
1452655212
1452845774
1452924274
1452991743
1453008649
1453071243
1453125118
1453149368
1453169774
1453206212
1453674962
1453767087
1455651368
1455668274
1455765962
1455790430
1455856055
1455883462
1455927649
1455976712
1455992087
1456091930
1456227493
1456356462
1456384680
1456460430
1456484493
1456514212
1456623337
1456646837
1456664493
1456715087
1456755368
1456848087
1456870899
1456889149
1456905930
1456944712
1456974399
1457006493
1457039243
1457054055
1457070868
1457080712
1457195618
1457251274
1457263962
1457276743
1457286618
1457299462
1457307493
1457318618
1457328180
1457355399
1457454368
1457464743
1457489399
1457511430
1457521993
1457588462
1457604149
1457633837
1457662649
1457698962
1457710368
1457742055
1457754774
1457876649
1457896462
1457919899
1457942837
1458009399
1458063274
1458089680
1458140118
1458174430
1458225180
1458255337
1458275962
1458333524
1458392555
1458421243
1458447868
1458600180
1458664055
1458674962
1458704712
1458746712
1458828805
1458897930
1458912399
1458926868
1458959962
1458972743
1459033462
1459070962
1459142337
1459244337
1459299618
1459346118
1459373868
1459425180
1459455993
1459506118
1459516087
1459523399
1459548962
1459566149
1459606149
1459688680
1459704649
1459714868
1459752087
1459861399
1460197055
1460267837
1460302430
1460365493
1460374337
1460419368
1460455805
1460468430
1460525868
1460543118
1460595180
1460660430
1460779524
1460948837
1461006868
1461042055
1461069712
1461159430
1461330337
1461393837
1461468399
1461606587
1461650899
1461743774
1461784274
1462229462
1462379337
1462443805
1462480305
1462519587
1462531087
1462633587
1462697087
1462995805
1463244712
1464649087
1464767993
1466978149
1467095305
1467346180
1467680805
1467804524
1467975649
1467985055
1468185399
1468304368
1469087649
1469156993
1469754462
1479814993
1484353712
1485854337
1486445774
1487743805
1491286868
1491347774
1491415993
1491457368
1491509555
1491571305
1491612305
1491647743
1491684837
1491737430
1491814805
1507069837
1507113712
1507165305
1507234149
1507281118
1507361462
1507399024
1507473524
1507518805
1507600930
1507653274
1507671962
1507736180
1507797993
1507826868
1507864837
1507971212
1508027368
1508097305
1508163962
1508243087
1508411430
1508525962
1508547024
1508557899
1508562180
1508605930
1508621868
1508670055
1508689399
1508908743
1509015524
1509096493
1509190055
1509279149
1509331837
1509342149
1509358805
1509385024
1509412930
1509485805
1509552212
1509715555
1509759180
1510293024
1510458212
1510498149
1510583274
1513385993
1513519524
1513556712
1513615837
1513637712
1513723430
1513770118
1513787368
1513830243
1513903462
1513926774
1514033274
1514057712
1514094430
1514122118
1514166837
1514181587
1514209805
1514225305
1514236899
1514248712
1514269712
1514275743
1514304930
1514323368
1514366680
1514378212
1514427805
1514466337
1514727618
1514843993
1514892180
1514905024
1514943774
1514977243
1515041024
1515068024
1515078837
1515085024
1515107118
1515177180
1515204805
1515225337
1515234055
1515248055
1515291305
1515356524
1515417493
1515519430
1515545774
1515562149
1515571587
1515609462
1515658805
1515687743
1515694399
1515712993
1515730993
1515740805
1515775837
1515872368
1515925587
1516034618
1516043524
1516095274
1516120618
1516211899
1516314837
1516447180
1516546462
1516635680
1516853493
1516864962
1516892837
1516904087
1516929899
1516941555
1516953337
1516972962
1516985962
1516999243
1517011930
1517070680
1517370087
1517456493
1517620243
1517770368
1517894649
1517947837
1517959712
1517971837
1517979618
1518011618
1518018149
1518022930
1518035680
1518079368
1518100743
1518168587
1518219587
1518296430
1518405962
1518432087
1518517055
1518567649
1518584649
1518599430
1518649930
1518757087
1518768493
1518781118
1518838868
1518868274
1518896743
1518935993
1519072430
1519087274
1519132868
1519215837
1519248774
1519265305
1519275180
1519308649
1519432212
1519480087
1519675055
1520436243
1520467962
1520514774
1520567493
1520723649
1520752243
1520876274
1520944243
1520961930
1520967524
1522771399
1523019774
1523331805
1523447837
1523624993
1528123555
1540071087
1556632430
1556757524
1556859493
1557166493
1560562368
1560861743
1560889743
1560955337
1560992212
1561018555
1561046774
1561090680
1561183118
1561229993
1561273618
1561313274
1561347524
1561417399
1561571712
1561650805
1561698774
1561844962
1562176024
1562235024
1562286180
1562304805
1562333274
1562363649
1562395212
1562647118
1562714712
1562876274
1563012962
1563221774
1566895180
1571520243
1576684524
1576777149
1576846118
1576897087
1577110555
1577255243
1577284399
1577304149
1577350368
1577395118
1577410930
1577433462
1577467305
1577488805
1577510337
1577516649
1577569649
1577586212
1577601055
1577641368
1577655493
1577725243
1577765274
1577782274
1577931774
1577994555
1578010087
1578032899
1578156180
1578225118
1578242930
1578265055
1578275024
1578290805
1578757743
1578817618
1578846087
1578879712
1578891868
1578940618
1579063493
1579136493
1579190962
1579211337
1579230243
1579302680
1579328462
1579347024
1579382774
1579420837
1579432993
1579439930
1579535274
1579573805
1579608462
1579643712
1579688493
1579693930
1579700743
1579710462
1579797618
1579823493
1579918930
1579950524
1579966149
1579983618
1580134462
1580181462
1580193430
1580290649
1580341149
1580376962
1580390962
1580395712
1580409930
1580420305
1580447462
1580457524
1580463680
1580471962
1580671337
1580687087
1580700493
1580714524
1580766962
1580785524
1580826743
1580834680
1580842993
1581035399
1581054055
1581059180
1581096493
1581229712
1581343743
1581393680
1581496305
1581618587
1581702555
1581721962
1581778899
1582040087
1582131930
