199995602
200938165
204428258
210565446
212070446
212788821
212941415
215168540
219785758
220637540
220842227
220994227
221315915
221639258
221828758
221905852
221916915
222200821
222344383
222366165
222461571
223054915
223091821
223247633
223412040
223525571
223631602
223859352
223964446
224070258
224129758
224173321
224266477
224324946
224414633
224550196
224566571
224633071
224702321
224784477
224797727
224824821
224948977
225155415
225172633
225228727
225314133
225445008
225549477
225669040
225740915
225841290
226080946
226174977
226306665
226438946
226552540
226612071
226802165
226854415
227092196
227529165
227569727
227773165
227834290
228055852
228134883
228146477
228357290
228581477
228790227
228802227
228818165
228831665
228945415
229143915
229215696
229352290
229432571
229449727
229503508
229652602
229746790
229935383
230052852
230172383
230335133
230383946
230463258
230533321
230595602
230785758
230886790
231013540
231145258
231183758
231256290
231339008
231383821
231415602
231479977
231580571
231601696
231638165
231742008
231824633
231895258
231973883
232025883
232072133
232099508
232200946
232381977
232482321
232682133
232722883
232766383
232883383
232901790
233091602
233236290
233323415
233488883
233665508
233848915
234015977
234311633
234569165
234663946
250735321
255254727
255328196
255438977
255592852
255632571
255714383
255809008
255862602
255918352
256005540
256021977
256165196
256374196
256454415
256880040
257410571
257419665
257614352
257798196
259542008
259691165
259752508
259838727
260119852
260195883
260277633
260407227
260469883
260515883
260557196
260606821
260686071
260708571
260803946
260847258
260900415
260948383
260988727
261041915
261066165
261084008
261196071
261250571
261306071
261365352
261541946
261685290
261747071
261832852
261880446
262092071
262176915
262350477
262518008
262627821
262737977
262820008
262911852
263088258
263274633
263434102
263615946
263702602
263736758
263757790
263765352
264097477
267979321
268135383
268337977
268369758
268533633
268616915
268939133
269411415
269569665
269863790
269954165
270074227
270562383
270722133
270780415
288664133
288676415
288805415
289016040
289252352
289361977
289634571
289719915
289782352
289806415
289871383
289902915
289968383
290027602
290173102
290217102
290331821
290381258
290456790
290537633
290659165
290700383
290861696
290890633
290973133
291017540
291111852
291268508
291359727
291506946
291538008
291631415
291669602
291694102
291849383
291902008
291964540
292016727
292039852
292210508
292371383
292496852
292610915
292732633
292990133
293080071
293135821
293216758
293317508
293383665
293416040
293528415
293674196
293908696
293989133
294049165
294101946
294194977
294354946
294445946
294514821
294560665
294602196
294614383
294669633
294725540
294818571
294921758
294953258
295041321
295081258
295124415
295227633
295330821
295361258
295465040
295497790
295564915
295762071
295808165
295845008
295942946
295997383
296008227
296094790
296179165
296262258
296335477
296359321
296441602
296458477
296600821
296652102
296758758
296812008
296963071
297003852
297044508
297215758
297461696
297552040
297633946
297854571
297901696
297916446
298043352
298101227
298207102
298321915
298350665
298412008
298496477
298528633
298655446
298702102
298798102
298858008
299002290
299084165
299864446
299911008
299972008
300002133
300027696
300070227
300982258
301574008
301600915
301688040
301792946
301960571
302019633
302134258
302221258
302228883
302300008
302358383
303074446
303393008
305860602
306359977
306486696
306831665
307258165
307271165
307315571
307359415
307393727
307409352
307434321
307455946
307511352
307584665
307642165
307804133
307924508
307989852
308018258
308039727
308091196
308152196
308188321
308280352
309466633
315856915
316003477
316218071
316313477
316384540
316464727
316536915
316563165
316657696
316743696
316800821
316904227
316969165
317032571
317145540
317204258
317268665
317677508
317714915
318090696
318127602
318182290
318234852
318321508
318380446
318436133
318482415
318527446
318624571
318725821
318862321
318891883
318950633
318980040
319045008
319130352
319151758
319603196
319888665
320009165
320324290
320584321
320647040
320695165
320753008
320817196
320831165
320843133
321046383
321269946
321426821
321621758
321734727
322119321
322250102
322530665
322653977
322791883
323231227
323373040
323471571
323541852
323579633
323611915
323686321
323766602
323863040
323995133
324198321
324317790
324428665
324602258
324904227
325125383
325506602
325723946
325769227
326030196
326168446
326255977
326739008
326905758
327374102
327479196
327756446
327874321
327944321
327965040
328173196
328318977
328384165
328444196
328567040
328614696
328881946
329062602
329195540
329263165
329348665
329477852
329597321
329675352
329759915
329984133
330105852
330340383
330625696
331008477
331251665
331323665
331422727
331552915
331628665
331684665
331735571
331791758
331863133
331959477
332048602
332380008
332531696
332599477
332626008
332790602
332866227
332875008
332901633
332934008
332985633
333033383
333050008
333114602
333127633
333171321
333206227
333218915
333400665
333445321
333554415
333582258
333592946
333658946
333759008
333808790
333863133
333912165
333976852
333995290
334013227
334043727
334081946
334137727
334276758
334318540
334743696
334787602
335001665
335078946
335137571
335202633
335253852
335336946
335371790
335542258
335558071
335611383
335634915
335708508
335794227
335838977
335907321
335968290
336168915
336248290
336362040
336412696
336521133
336644477
336757133
336806758
336818571
336837352
336871602
336929852
336957415
337003290
337047571
337058258
337196383
337231227
337243540
337356352
337472727
337494821
337579977
337657540
337725446
337766415
337829040
337865227
337922571
337990227
338037196
338085946
338117008
338157915
338186196
338292571
338418727
342945040
345006102
345016446
345047352
353249352
360132290
360296977
360380383
360427477
360486102
360517290
360545883
360587665
360631165
360648852
360677446
360840071
360868227
360878727
361102727
361274977
361310290
361379633
361433977
361489040
361521040
361717352
361822352
361889883
361929196
361954508
362103696
362284352
362489165
362576852
362656758
363131102
363258540
363279883
363305915
363426602
363474977
363540290
363568071
363599696
363674071
363762383
363775196
363825258
363866258
363891602
363924008
363972290
364041071
364071977
364145477
364286102
364354040
364467790
364538915
364586915
364618383
364684446
364738071
364775008
364794008
364825571
364928133
364970352
364978321
365057290
365093102
365131915
365176446
365207540
365326883
365444540
365599915
365630165
365718790
365769508
365834977
365981352
366008446
366048008
366105790
366275602
366342696
366410977
366473633
366608352
366877196
366918352
367038977
367129040
367173977
367551352
367592790
367645571
367712165
367790290
367904040
368013258
368120071
368181321
368229727
368260102
368316696
368378758
368401790
368545165
368603352
368660415
368730946
368758071
368776883
368845477
368898633
368973540
369008727
369270008
369386258
369474071
369492508
369512446
369561571
369596727
369678227
369780008
369971102
370102696
370388508
370475133
370592196
370666071
370775446
371017790
371166415
371285883
371423946
371605071
371866727
372056133
372227571
372289352
372350040
372460946
372584227
372639821
372779383
372910540
372945758
373027227
373095633
373140508
373287165
373305727
373664258
373709133
373794790
373826446
373846946
373911633
373951977
374016790
374178540
374240102
374318008
374333071
374375633
374460071
374558946
374597196
374761321
374798227
374819883
374833665
374852008
374984071
375170508
375290665
375344446
375388446
375532602
375648415
375964227
375978227
376031415
376053352
376085321
376116727
376151758
376182477
376256352
376326852
376369008
376503258
376529258
376543508
376623196
376708540
376778758
376878946
376942633
376970290
376996383
377011946
377105946
377157258
377195446
377210040
377307352
377424165
377505946
377569008
377601165
377626133
377690040
377741071
377767102
377834290
377849477
377899415
378033758
378163790
378172540
378216665
378232415
378285446
378340415
378358227
378425196
378630040
378649415
378712008
378758696
378868508
378952133
379025633
379127883
379191696
379358477
379477415
379563758
379651696
379708133
379781071
379951946
380005165
380104477
380149977
380188727
380223946
380274696
380362852
380405633
380442165
380674321
380747790
380800258
384365946
384386102
384607383
384705633
386237915
386345758
386516258
386581008
386767571
386836102
386983915
387045977
387096258
387433196
387664008
387732383
387806415
387949696
390281290
390355008
390465477
390555040
390614258
390629665
390658508
390858258
390919383
390969415
391015071
391050508
391092446
391184165
391260258
392003321
400030633
402307133
402587915
402715602
402781946
402980321
403005946
403071102
403123008
403162352
403187040
403252883
403289196
403364133
403423008
403460665
403528290
403585883
403656415
403715258
403758665
403809540
403941415
404006415
404087258
404132383
404185415
404247946
404305696
404427915
404518821
404692133
404753352
404770821
404958915
405017571
405124165
405370852
405581758
405590633
405683571
405756852
405774946
405861790
406021508
406107915
406254665
406395415
406447321
406495071
406541133
406570790
406589165
406641383
406709633
406787883
406897571
407133540
407181196
407227852
407348602
407407758
407495602
407602477
407923946
408010040
408086508
408235383
408288790
408344946
408472321
408540665
408605040
408619790
408636602
408753758
408798571
408938602
408964977
409030446
409098352
409257321
409323102
409380321
409461540
409607977
409616540
409628758
409896665
409971133
410096508
410149040
410321133
410443352
410502352
410583040
410671196
410890290
410955727
411093915
411135977
411207852
411239415
411285571
411306415
411353571
411423227
411463602
411492352
411556915
411591196
411613790
411765415
412354915
412393540
412483758
412657571
413527852
413625946
413948102
414068258
414317633
414360665
414434696
414511383
414671633
414736352
414809165
414886821
415018727
415066540
415107665
415217633
415359946
415581071
415665165
415758258
415839571
416036665
416124571
416155227
416282477
416503790
416712883
416777446
416837883
416886946
416991602
417022352
417256321
417375133
417681696
418349508
418464477
418537008
418596665
418675602
418718258
418778665
419064446
419326665
419373508
419483852
419564915
419618415
419905071
420010446
420081946
420186165
420322165
420414008
420488446
420710102
420755446
420922665
420963352
421010821
421023727
421061852
421136196
421204883
421242633
421283633
421402102
421462446
421682665
421777571
421866633
422193040
422272446
422613165
422730602
423109290
423416540
423644321
424797883
425266258
425343946
425490602
425592665
425644696
425976040
426377571
427987633
428208571
428284883
428405758
428459290
428530727
428609508
429377102
429933227
430893165
431443102
431542446
431574727
432213040
433324258
434160977
434593633
435311758
435394977
436133290
436554665
436881165
437049352
437124665
437176508
437252727
437310883
437347883
437413665
437612227
437765102
437824727
437945977
438076165
438135977
438224727
438277571
438462133
438520290
438718946
438803102
438885227
439310633
439456540
439570008
439680165
440194133
441355508
441479665
441550571
441682508
441733696
441800102
441898915
442066508
442072821
442085071
442131290
442218383
442291008
442495727
442698571
442740477
442773758
442999383
443119571
443192477
443278977
443309602
443336352
443392446
443439571
443500852
443697040
443853102
443911540
443936821
444004696
444049040
444196821
444241008
444280290
444383352
444476758
444610665
444695446
444717196
444762633
444967165
447770602
456271665
457133196
459769758
460127477
461879821
462006915
462157977
462242790
462379602
462520258
462595790
462717696
463035977
463162415
463895290
464307415
464487540
464825821
464979727
465250008
465368165
465444540
465751790
465993258
466121321
466320696
467106383
467216040
467733133
467737758
468960696
469031602
469091477
469144790
469205415
469270102
469362352
469667508
469840946
470540040
470883196
471094196
471235196
471719727
471788883
472298727
472563415
472643508
472687446
473258321
473367977
473650071
473804758
474091727
474279383
474405665
474632508
475519852
475604008
475875665
476641540
476771977
476876540
477398508
477549227
477631415
479357321
479423196
479866071
480288696
480514883
480596290
480634008
480698758
480818915
481987790
482014758
482118321
482335071
484525165
484729665
484976883
485130946
485515883
485633446
485939977
486091915
486232915
486303008
486576477
486658727
486840665
486932977
486983477
487120415
487194852
487392915
487485727
487582602
487659696
487836727
488359508
488584665
489280727
489819165
490050602
490792352
490838352
491395352
491503477
491989227
492054352
492102352
492155133
492198165
492229165
492375821
492398571
492487915
492495852
492615102
492675946
492976008
494232446
494532946
494889477
494911196
494932321
494963790
495006571
495173102
495254571
495390227
495416290
495510665
495592727
495628915
495641727
495725008
495803008
495835008
495874758
495947415
495991977
496037102
496150258
496175040
496193508
496216883
496275540
496301821
496350727
496417071
496473696
496542821
496622696
496722102
496797071
496839821
496880977
496923196
496957071
496967071
497072321
497211133
497320071
497470571
497632602
497702758
497750290
497783852
497882696
497952196
498017415
498112758
498120790
498199321
498284165
498413446
498440446
498508227
498622883
498688102
498720821
498751102
498785883
498812133
498893477
498937977
498973852
498997571
499049665
499118133
499146133
499211258
499363196
499421758
499564508
499663165
499716133
499754508
499832508
499901727
499993321
500052727
500087133
500162571
502520665
502843977
502930415
503006352
503079790
503232758
503337008
503402040
503464071
503575008
503641915
504069758
504130321
504270040
504655665
504763602
504809196
504875415
505034790
505161821
505305946
505407977
505591883
505914008
506106508
506223758
506739008
506783883
506888040
506981508
507069696
508289665
508509321
508712571
508845165
509845665
509967790
510033758
510130790
510335415
510842040
512248602
512436290
512543446
512653383
512828477
512958508
513690008
513778883
513839883
513917696
514005196
514057571
514093477
514226133
514255977
514377165
514407258
514474290
514534946
514592946
514610102
514656508
514700852
514892477
515055227
515100446
515151540
515211727
515271446
515410602
515483821
515526633
515557727
515603133
515687977
515741165
515793508
515982602
516030915
516092133
516123602
516168508
516180415
516245508
516306415
516356508
516450008
516494102
516541946
516641321
516688915
516785602
516913821
516976133
517007508
517122008
517234071
517501758
517580446
517678133
517945727
518042946
518099508
518276852
518326071
518399258
518728008
518947321
519104696
519254540
519384477
519455915
519526915
519736540
519798946
519913352
520288758
520447508
520770040
522091946
525084633
529540133
530142133
530243571
530396008
530424165
530447508
530634446
530706165
530779258
532850071
533855102
536376196
536394696
539368196
539452915
539505290
539559790
539629758
539695383
539718196
539737290
539804383
539884071
539937383
540090165
540164696
540510665
540801258
540898977
541084727
541323102
541737008
541901977
542055258
542373946
542468040
542485508
542509915
542519977
542568946
542621665
542709352
542743071
542836946
542921883
543027477
543089040
543300446
543359571
543707071
544075383
544105852
544276352
544360415
544462727
544510540
544595633
544631227
544672446
544710665
544735571
544756508
544775102
544797665
544850977
544918196
545033883
545081196
545216602
545273008
545304040
545359821
545415821
545455540
545481727
545574727
545665883
545734040
545801977
545908290
545975571
546139071
546175508
546189008
546241040
546260508
546267196
546302040
546342758
546421258
546452290
546481821
546510727
546551102
546572040
546617946
546699727
546925102
547012790
547081446
547104633
547157383
547170133
547235196
547278102
547340165
547374540
547428383
547473415
547644571
547823383
553021821
562862665
580277758
580817133
580901165
580983290
581068508
581108915
581184040
581253227
581310133
581385165
581496477
581534040
581658852
581680883
581806602
581850883
581862790
581939883
581994383
582054071
582142227
582185571
582261290
582323165
582384758
582945321
583034321
583133821
583254883
583371290
583444758
583565196
583701133
590921915
592886883
593347633
593845290
594047008
594179446
595484821
597328071
597401727
597544508
597655383
597740196
597771790
597803540
597810415
597896165
599031446
599054446
600221383
600336290
600574133
600629258
600661133
601021633
601258071
601348165
601387790
601669321
601895008
602227133
602534477
602582571
602715633
603000446
603071571
604035321
604182633
604218758
605537446
605774321
606062102
606793633
606851665
606906352
606982571
607001977
607159352
607276290
607304071
607343727
607422571
607474133
607516508
607672290
607738571
607784696
607825633
607865696
607877571
607926102
608047883
608133477
608183227
608316102
608396727
608432571
608567602
608789571
608853102
608947258
609028352
609109071
609185258
609223977
609252790
614273040
616891415
616947446
617028321
625697571
628986227
629424196
629738008
629830821
631737821
631955446
632045852
632121383
633959915
633997352
634277196
635295540
636478071
636718696
637324977
637880227
638036946
638208165
638293790
638732696
639264508
640651665
641514852
644326571
644708196
645257008
647192665
648655321
648664821
648700852
649434946
649445852
649751165
649975290
650058383
650073227
650133633
650181727
650215508
650257446
650687415
650788352
652570790
653570040
653918290
654477446
656600352
658060696
660991571
660996883
662325196
663604602
663738133
663751696
663761415
664287758
664468977
664996290
665188446
667161790
667560852
668493665
669014540
669045883
669080196
669145290
669162602
669244321
669283071
669342040
669412821
669459696
669571696
669725883
670033790
670252352
670380790
670406946
670431133
670509477
670584540
670660696
670778352
670832102
670843540
670861977
670937102
671104665
671247165
671347196
671425290
671481633
671545508
671712321
671775102
671830477
671882821
671937415
672275508
673741915
674195008
675843290
676264383
676496008
676581508
676620258
676681165
676944915
677397665
677572415
677661321
677711665
677782321
677797696
677909790
677963665
678015946
678103633
695065571
695368696
704234665
704664883
704823571
705742977
706223290
706396133
706543852
706736321
706878727
706935133
707153883
707290321
712027790
730914852
730969571
731027227
731102165
731114290
731195852
731341477
731354665
731470727
731524915
731573165
731644508
731795165
732001633
732012790
732181633
732225227
732308352
732387665
732439446
732479883
732562633
732662383
732764571
732827008
732842102
732879633
733003071
733130883
733198727
737226446
737241290
737709946
738760633
738988196
738997102
739007290
740062477
740408633
740590008
740759821
740839290
741104821
741160633
742143008
742264071
742317196
742446165
742606633
742870165
742966540
743041321
743112696
743177665
743189727
743248165
743333165
743494446
743568727
743607477
743751102
743952946
747298508
747466415
747501008
747616446
747703383
747754196
747783352
747854727
747895758
748218227
748393102
748648696
748682133
748735477
748772915
748851977
748926852
748989790
749031821
749161071
749196665
749283102
749309415
749385227
749411946
749454477
749589758
749636227
749702071
749826477
749861915
749929415
749964508
750029446
750108040
750167258
750229352
750287790
750369540
750593508
750685321
750770477
750890133
750976446
751032071
751131415
751171633
751232196
751270633
751299290
751333946
751342258
751383040
751413008
751474633
751539165
751593977
751661352
751796915
751822290
751931727
752010790
752019696
752035508
752116071
752158977
752207008
752310977
752348946
752388352
752426040
752490040
752567852
752648133
752753696
752784915
752882321
752977977
753058321
753092946
753222040
753285165
753330946
753398290
753589883
753639477
753718602
753758477
754156571
754178946
754245383
754290321
754460821
754535258
754598665
754692071
754765571
754788352
754851758
754909727
755036258
755115508
755215665
755280758
755337915
755600758
755701352
755735383
755806696
755885102
755983071
756017883
756091665
756141446
756189540
756227977
756257133
756332852
756399883
756606133
756647540
756719977
756799946
756851790
756982102
757073633
757113383
757211696
757231352
757306946
757472133
757702602
757708165
757766446
757848227
757890477
758083290
758153665
758214696
758260758
758296977
758314165
758372977
758697540
758868727
758910915
759018977
759086352
759205821
759215071
759312258
759377227
759510883
759525696
759657633
759717383
759793821
759877821
759930446
760027133
760079477
760132852
760175258
760251508
760295571
760316196
760333227
760376446
760426915
760516633
760565196
760634352
760719821
760814602
760900290
760969727
761151477
761193883
761253227
761312602
761384696
761430915
761486696
761527008
761623040
761697352
761815383
761879790
762051696
762100290
762144321
762388415
762570227
762655040
762806383
762975008
763034258
763118008
763155040
763222321
763284790
763298696
763369008
763434852
763529446
763631352
763648165
763695977
763763508
763845040
763891915
763971415
764104821
764126852
764185102
764248508
764403571
764494946
764568290
764967290
765046633
765102633
765248477
765353915
765426665
765484102
765640540
765697383
765787915
765825758
765920258
765955977
766024602
766111665
766186508
766241883
766379102
766558415
766648071
766765883
766870227
792995477
793590915
793608602
793752508
793984477
794171258
794497852
794792696
794799290
795892352
796017883
797859196
799257352
800782696
800800477
800835946
800877352
800894665
800966071
800998571
801029758
801056915
801088727
801132571
801221102
801274258
801330852
801357196
801484352
801525883
801620821
801631977
801675633
801731915
801759196
801836602
801868071
802056633
802096008
802206946
802345540
802375790
802382227
802455727
802593477
802744133
802817071
802833258
802867321
802899008
802916727
803093758
803160352
803169852
803203008
803289602
803365102
803549165
803708915
803816196
803945633
804053696
804101165
804165571
804255852
804344477
804443008
804479383
809056290
809577665
811638602
811809696
811972571
812255852
812369977
812443071
812580790
812645758
812675196
812723196
812740790
812814696
812849383
812875852
812898633
812992696
813045071
813122821
813145696
813191946
813221852
813260102
813307633
813353258
813407883
813441133
813468196
813491415
813611665
814070790
815880727
815977508
816122633
816385883
816546102
816631071
816690758
816789915
816894352
816970196
816994883
817066946
817145883
817184008
817326758
817421258
817474352
817607102
817748540
817790946
817874008
817992196
818070821
818111946
818194102
818298477
818346821
818513946
818734696
818977915
819196008
819339602
819381133
819400133
819440508
819503415
819524852
819768477
819877040
819941727
820023258
820135696
820249665
820377633
820494258
820598477
820688758
820803633
821075571
821126071
821250446
821479415
821541258
821600008
821655290
821897227
822005508
822138727
822415821
822466165
822488883
822499352
822556008
822608915
822673821
822693508
822781290
822813040
822860352
822879508
822941196
823063696
823201946
823351102
823438571
823554915
823661165
823727446
823822602
823914290
823960383
824011852
824108227
824289165
824408852
824475165
824980008
825095352
825209571
825588196
825649008
825663540
825692321
826215633
826492196
826554508
826693040
826889633
827640227
827717508
828484571
828645883
828712758
828900008
829024915
829216102
829388727
829466165
829635571
829705696
829845415
829951352
830176883
830381133
830607290
830653227
830753352
830846321
831113477
831306415
831454790
831529758
831654008
831792196
831939415
832473227
832579758
832649508
832745821
832963633
833096790
833197102
833253821
833319633
833735165
834043258
834254602
836672258
837035383
837091446
837365852
838373446
838409446
838678196
838760415
838909696
839008790
839175352
839282977
839361665
839383696
839458883
839488977
839551102
839689040
839859790
839970071
841103227
843751540
843829821
843910290
844023102
844032415
851422852
854072227
854156227
854205196
854480696
854510227
857612540
857782008
857961633
858360727
858503196
858688196
859039665
859394571
860087102
860292196
860342040
860510821
860933102
860950102
861499790
861880665
862067758
862605071
862823352
862968821
863192383
863380665
863578821
863799040
864672446
865446977
868485915
868757040
868843571
868882383
868934196
868975696
869082040
869144540
869231102
869328727
869341040
869369790
869647258
869755383
869794727
869836008
869874352
870041258
870093040
870349258
870391946
870429040
870437977
870471071
870498446
870567352
870643040
870757977
870810446
870859165
870928290
870990477
871174196
871248133
871431696
871463446
871607258
871659008
871711540
871910602
872032821
872058040
872165696
872177602
872322852
872595571
872708790
872805290
872916883
873318633
873845508
873979727
874160852
878067383
878265883
880113946
880173258
880192071
880255477
881071258
881340477
885917946
886387727
886463821
886581602
886881383
886938821
887076540
887176915
887243571
887356602
887369071
887386540
887610790
887664165
887889758
888047290
888225477
888370508
888496540
888597602
888980790
889075602
889271758
889536227
889648352
889741477
889898508
889973633
890322321
890480321
890588133
890866602
891223227
891269321
891374727
891417571
891582102
891751071
891842758
891936665
891964758
892002790
892079977
902711165
906171883
906325040
906454352
906634852
906688227
906817008
906905852
906955477
906998821
907069915
907085477
907147008
907178102
907375508
907415102
907512821
907675352
907719758
907819071
908041290
908052852
908140133
908302915
908385040
908521446
908584571
908685133
908727258
908995883
909035071
909096102
909266196
909325477
909552821
909577915
909677290
909752415
909856196
909890258
909911915
909990508
910046196
910117196
910528508
910742571
910878727
911196852
911375383
911429571
911474227
911564915
911677696
912152165
912192946
912243040
916641602
916713415
916764727
916840102
916910196
917002196
917052508
917096196
917240821
917324383
917398165
917408290
917422008
917833196
917911727
918064227
918169477
918289008
918356633
918602696
918809008
918848821
918917446
919072696
919140571
919291102
924166821
924461321
924702977
924785008
924908258
924934602
925130977
925247946
925471696
925522227
926155477
926416665
926596383
926671321
926823258
926950946
947964633
948387696
953078477
953602915
953810102
953823196
953845665
954226008
954269321
954319821
954395508
954514665
954938665
967429352
968613258
972993915
973615915
977525946
977865790
978150852
978301133
978398102
978624040
978690602
978730133
978772196
978832540
978851415
978890383
978969665
979037290
979160758
979204290
979243977
979366477
979411508
979646477
979766290
980007852
980367508
980391415
980598071
980707790
980843071
980856758
980994040
981827883
982124633
982263633
982369446
982478165
982549821
982721790
983352508
983684477
983818008
983862352
983961446
984075133
984141102
984406852
984756196
984802790
984948508
985028602
985375790
985429821
985499321
985549133
985637727
985697696
985725852
985763946
985802571
985817727
986092790
986300915
986361821
986409571
986483883
986983633
987000102
987179571
987315852
987531477
987566665
987649352
994757508
994768727
994779321
994797977
994824758
994877852
995448915
995518571
995570758
995627508
997132290
997376102
1000701571
1000712633
1000788196
1001011821
1008024008
1008039790
1009278008
1010950290
1011447821
1016349040
1022666446
1024028977
1024933008
1025085571
1025798102
1026412071
1026699946
1026766071
1026776040
1026827165
1026957071
1028891290
1030083852
1030203758
1031060602
1031088071
1031281665
1033630946
1035947821
1035958133
1037398321
1037591446
1038055727
1038151821
1038236790
1038563571
1038653102
1038762383
1038898227
1038959071
1039573071
1039962946
1040029571
1040342665
1040672133
1040810383
1040864758
1044387008
1044397883
1044840040
1046163696
1046246477
1046315946
1046362508
1046403165
1046494915
1046637602
1046949415
1047087665
1047191321
1047396290
1047478758
1047511758
1047680821
1047890508
1048031540
1048147071
1048220790
1048284821
1048322665
1048387415
1048426383
1048481415
1048508790
1048541290
1048641915
1048882383
1048950227
1050594415
1050782227
1050868040
1050910477
1051124571
1067542946
1071242883
1071283446
1071439821
1071685883
1072588633
1075124665
1075277852
1075735883
1100286227
1101518883
1102057696
1103602727
1103743352
1103770227
1103916758
1104372415
1105210790
1105359602
1106337258
1106389602
1106418665
1107020602
1107139352
1107294602
1107367290
1107543290
1107603977
1107961196
1108091196
1108524071
1108803258
1110197852
1111239008
1111329008
1111835540
1111901696
1111992258
1112327008
1112504196
1113931258
1116998352
1117915727
1122761977
1124753133
1126102008
1126110540
1126401321
1126446946
1126469415
1126493133
1126598915
1126982446
1127131352
1127499915
1128311165
1128530946
1129308821
1132020165
1132128415
1132213321
1132286665
1132306540
1132370633
1132414852
1132508352
1132558915
1132590758
1132675915
1132740321
1132773352
1132822821
1132853665
1132896071
1132918071
1132957883
1133028071
1133073758
1133094415
1133131665
1133173602
1133210508
1133246852
1133360383
1133401196
1133421040
1133479321
1133580446
1133622383
1133682446
1133704946
1133794696
1133935540
1133957602
1134020133
1134120477
1134201383
1134280196
1134350915
1134413383
1135138008
1135326602
1135365165
1135490165
1135550415
1135595915
1135635383
1135778946
1135897196
1135983477
1136023446
1136054758
1136386821
1136406883
1136558602
1136586790
1136646196
1136727821
1136866383
1136968852
1137348977
1138674633
1140965133
1141063571
1141186883
1141310727
1141664696
1141731633
1141836196
1141903883
1142312258
1142576352
1142697977
1142817508
1143102165
1143183665
1143351946
1144767196
1145377633
1145762008
1146509790
1146766133
1147220008
1147565071
1147573321
1147721852
1147827165
1148213758
1148235946
1148438165
1148498321
1148577852
1148633383
1148721602
1148976071
1149608915
1150034383
1150387696
1150489290
1150576290
1150650383
1151133477
1151277540
1151505665
1151864071
1153780883
1154090352
1160315602
1160381321
1160513821
1160723415
1160934446
1161103227
1161477758
1161608633
1161847977
1161993571
1162259727
1162411008
1162511008
1162581727
1162627727
1162690040
1162736696
1162762446
1162816071
1162860665
1162989040
1163206633
1163225883
1163273071
1163389508
1163450508
1163463102
1163549446
1163587321
1163623540
1163704446
1163754446
1163863040
1163998508
1164057633
1164571415
1164626915
1165306040
1165505602
1165828883
1166083008
1166157446
1166498571
1166577008
1166678133
1166783133
1166855133
1167006040
1167178071
1172679665
1173462883
1173841727
1174058540
1175175071
1175453977
1176138383
1176177977
1176286790
1176728258
1176810290
1176879321
1176971571
1177351446
1177569446
1177728790
1177962290
1178041102
1178291821
1178661946
1178979102
1179056008
1179121008
1179296133
1179433133
1179562852
1179850071
1179929540
1180012165
1180113008
1180420977
1180428290
1180517852
1180662977
1180735352
1180942977
1181284696
1181389165
1181847696
1181923883
1182041477
1182253883
1182415227
1182461290
1182689165
1182776790
1182914852
1183152446
1183610946
1183692477
1183939290
1184216196
1184313008
1184361321
1184414665
1184511540
1184597446
1184763508
1184818290
1184893352
1185045196
1185206133
1185245821
1185307477
1185354915
1185399602
1185435008
1186286633
1186301383
1186342915
1186715258
1186975446
1187612290
1187971852
1188383477
1188501446
1189335883
1189402165
1189871165
1213014446
1213145290
1213377165
1213478977
1213525508
1213648852
1213809196
1213875821
1213936227
1213998321
1214443290
1214546790
1214693696
1214894508
1214947290
1215043821
1215057196
1215065946
1215114852
1215298290
1215339290
1215358508
1215523258
1215752602
1215773946
1215851133
1215888602
1215912665
1215927508
1216008258
1216032696
1216094008
1216259977
1216365633
1216423977
1216584290
1216648258
1217072446
1231981821
1237434696
1238856008
1239187790
1239371196
1239516227
1239599571
1239653883
1239966758
1240197165
1240415102
1240555227
1240627633
1240677633
1240785915
1240881977
1241013133
1241059352
1241418508
1241504290
1241625883
1242905883
1242985165
1243451571
1243541102
1244124852
1244249727
1244413258
1244529571
1244585946
1244797821
1244973040
1245007008
1245200321
1245706915
1246180102
1247460227
1247564227
1247638321
1247955446
1247991165
1248153790
1249020290
1249433915
1250783321
1251295633
1251423633
1252581821
1254547446
1255535227
1255745696
1258185040
1258270852
1258345165
1258515633
1259010008
1259098415
1260109633
1260243446
1260716165
1260796571
1260926352
1260971571
1261006883
1261100633
1261158915
1261304633
1261364758
1261412633
1261465915
1261527852
1261627415
1261714321
1261769008
1261876008
1261921321
1261985196
1262041571
1262089290
1262141790
1262185790
1262295915
1262337102
1262417446
1262430227
1262455352
1262687633
1262793321
1263018696
1263074290
1263175602
1263274321
1263352071
1263481946
1263532665
1263608915
1263749196
1263844227
1263912852
1263978633
1264069258
1264146508
1264276540
1264299977
1264345852
1264476977
1264560633
1264625790
1264659915
1264701227
1264779727
1264826602
1264853665
1264889383
1267469415
1267982946
1268043633
1268113602
1268147102
1268456071
1268542821
1268687290
1268861383
1268944727
1269039758
1269147790
1269330508
1269361133
1269461977
1269496790
1269577446
1269602790
1269614133
1269688633
1269774946
1269823071
1269862008
1269899508
1269935665
1269984258
1270044946
1270199915
1270258446
1270639008
1270706321
1270744977
1270859415
1270881258
1270913727
1270932758
1270994571
1271048883
1271110790
1271177352
1271254290
1271269290
1271336852
1271410540
1271551352
1271627008
1271702196
1271827102
1272263977
1272372852
1272525446
1272562946
1272780665
1272887758
1274036446
1274538696
1276517821
1276891352
1276995196
1277018633
1277141977
1277244196
1277482196
1277542633
1277689446
1277750790
1277793352
1277879946
1277957196
1278080071
1278115040
1278374321
1278451571
1278501915
1278734133
1278759446
1278873227
1278940665
1279059915
1279195196
1279308883
1279469383
1279546227
1279638477
1279700290
1279735102
1279829446
1279871290
1279931821
1279990102
1280091477
1280197352
1280293852
1280422477
1281187915
1281336258
1281380258
1281627383
1281721915
1281776133
1281837133
1281993446
1282181383
1284006258
1284174883
1284229165
1284287790
1284329665
1284658665
1284744540
1284885383
1285929383
1286029415
1286473758
1286597321
1286750415
1286869540
1286933133
1287012415
1287063258
1287082883
1288589946
1288749133
1288936383
1288978540
1289058821
1289101633
1289177696
1289254727
1289358040
1289424008
1289462883
1289521196
1289568852
1289586540
1289660196
1289724227
1289819383
1289907571
1289992696
1290064571
1290121665
1290176821
1290284977
1290340915
1290435102
1290677883
1290847696
1290884696
1290987196
1291041633
1291101165
1291259227
1291323758
1291578383
1307455415
1308033258
1310574352
1311336258
1312478196
1319072633
1319292227
1319504665
1319606071
1325477665
1325753477
1325965790
1326361790
1326967508
1327065383
1327202477
1327353883
1328218790
1328523258
1328642727
1329117977
1329228133
1329284290
1329343977
1329384227
1329406165
1329529133
1329578946
1329614446
1329658602
1329695415
1329768977
1329795915
1329816446
1329841665
1329867321
1329906540
1329950665
1330032946
1330086071
1330108790
1330191790
1330208883
1330253696
1330354508
1330396415
1330504415
1330528352
1330619883
1330727383
1330841008
1330958446
1331267196
1331345383
1331432571
1331475977
1331503977
1331580008
1331644196
1331720290
1331779696
1331837602
1331866352
1331997727
1332089665
1332240665
1332408196
1332484821
1332517571
1332659790
1332692790
1332833727
1332854008
1333118008
1333303196
1333344852
1333432758
1333497258
1333549915
1333599102
1333622571
1333741508
1333895508
1333945540
1334069352
1334161071
1334210758
1334247071
1334378040
1334425133
1334515227
1334575696
1334638602
1334697227
1334789290
1334799665
1334821008
1334869102
1334927352
1334965040
1334993290
1335132196
1335258727
1335272696
1335315852
1335392946
1335420196
1335453477
1335709540
1335746071
1335804852
1335875602
1335917227
1335943321
1336086133
1336101633
1336127352
1336145665
1336209665
1336262258
1336339071
1336363727
1336470008
1336526571
1336648446
1336721133
1336790165
1336846415
1336967165
1337134446
1337199790
1337248008
1337375352
1337441165
1337518446
1337609508
1337614227
1337743508
1337800102
1337864290
1337977196
1338036165
1338089696
1338110727
1338185102
1338235633
1338329102
1338423915
1338478758
1338678540
1338762227
1338790696
1338860290
1338910290
1338942540
1339008227
1339074883
1339117227
1339181196
1339220165
1339245946
1339300852
1339328977
1339415665
1339444258
1339504008
1339565227
1339595602
1339655758
1339694508
1339790821
1339969446
1340010571
1340059665
1340119477
1340207040
1340269290
1340314102
1340344477
1340419915
1340509196
1340555852
1340887790
1340968665
1341024196
1341041946
1341218321
1341618258
1341657540
1341723321
1341946477
1342006227
1342054665
1342190321
1342342633
1343324321
1343370321
1343378040
1343430383
1343506883
1343523477
1343537571
1343625821
1343692571
1343877540
1343897727
1344655727
1344826415
1345645727
1345799071
1345927383
1346360415
1347416946
1347467446
1347629696
1347662977
1347749040
1347796290
1347846040
1347939758
1347985446
1348148915
1348227102
1348263446
1348395227
1348433133
1348449008
1348525477
1348546977
1348598883
1348625883
1348656915
1348690383
1348700415
1348779290
1348867696
1348924383
1348975477
1349265508
1349342915
1349399290
1349476790
1349562133
1349752915
1349852133
1349948571
1349994852
1350113571
1350220133
1350282133
1350339821
1350367290
1350479852
1350533852
1350615227
1350630321
1350796696
1350850508
1350918633
1350940696
1351080946
1351136102
1351178071
1351278852
1351397508
1351438821
1351480852
1351547446
1351635290
1351889477
1351941883
1351994071
1352050258
1352112008
1352147883
1352227915
1352255821
1352314790
1352505321
1352612196
1352836383
1352895665
1353118633
1353136258
1353273008
1353378258
1353418540
1353458040
1353502321
1353530696
1353605602
1353786352
1353825633
1353933508
1353958196
1354067071
1354195352
1354327852
1354428727
1354949040
1355182946
1355300696
1355520602
1355565008
1355679540
1355776071
1355810790
1355826790
1355974008
1356027321
1356070321
1356182321
1356257696
1356369040
1356537821
1356830633
1356868040
1356915540
1356927071
1357003258
1357114446
1357199821
1357408477
1358134008
1358170040
1358739727
1358775571
1358851915
1358919258
1359081352
1359131821
1359156883
1359183852
1359229602
1360006196
1360290571
1360320790
1360357821
1360394883
1360411852
1360461790
1360504415
1360682790
1360709977
1360751571
1360778883
1360876040
1361025477
1361092415
1361206477
1361262696
1361360102
1361435477
1361479665
1361525915
1361633290
1361946196
1361978102
1361995165
1362036258
1362123571
1362172821
1364013977
1364200352
1364316477
1364469383
1364551508
1364720227
1365771508
1365807227
1365877040
1366211696
1366351352
1366398602
1370389415
1370611727
1374588446
1374743071
1375289540
1375344883
1380277321
1380384102
1380427977
1380470477
1380560602
1380749540
1380804696
1381486008
1381566602
1381659727
1381719852
1381802133
1381878133
1381963102
1381984227
1382023790
1382267727
1382296696
1382419602
1382587477
1382634852
1382931008
1382983040
1383072446
1383253633
1383310883
1383467665
1383807352
1383885071
1383921540
1384236540
1384840352
1387054602
1387155383
1387292946
1387338258
1387447508
1387484540
1387594727
1387655227
1387764915
1387771946
1387826915
1387938383
1388151196
1388239540
1388285790
1388394758
1388499821
1388563477
1388639508
1388691477
1388749227
1388802696
1388864946
1388976540
1389008821
1389168133
1389295446
1389322102
1389376446
1389431446
1389496883
1389611258
1389742946
1389778258
1389839508
1389931040
1391477727
1391588540
1391632665
1391697040
1391721446
1391837477
1391901977
1392042883
1392098258
1392161915
1392262352
1392380321
1392413477
1392491946
1392650633
1392761571
1392864196
1392964415
1392999790
1393016946
1393117196
1393232727
1393439133
1393497540
1393577852
1393616790
1393809290
1393862508
1395395290
1398175477
1398376727
1398458946
1398496133
1398575133
1398596290
1398637633
1398666133
1398729977
1398851821
1398918883
1398962665
1399026540
1399069508
1399100258
1399157758
1399224665
1399308883
1399499602
1399553758
1399590102
1399621946
1399692852
1399762508
1399826071
1399954415
1400032196
1400053227
1400129852
1400163165
1400212383
1400322790
1407117727
1408855602
1411148227
1411361696
1411484165
1411608790
1411674008
1411738477
1411841665
1411896290
1412444602
1412481571
1412912977
1413671540
1413737508
1414042446
1414181821
1414240290
1414290727
1414390008
1414457383
1414574758
1414958196
1415162477
1415469415
1415663415
1415881571
1416062446
1416093883
1416190758
1416340883
1416370540
1416520790
1416560383
1416643821
1416728571
1417069321
1417238852
1417315977
1417442977
1417501571
1417554321
1417802133
1417939946
1418011258
1418214477
1418255633
1418307633
1418348008
1418417540
1418466540
1418545946
1418618008
1418782102
1418882727
1418924196
1418966196
1419076415
1419209571
1419526727
1419833196
1420039040
1420295008
1420366977
1420440821
1420469571
1420502540
1420600196
1420692071
1420770977
1420898883
1420975946
1421104040
1421160290
1421432008
1421492008
1421636665
1421682477
1421892821
1421937133
1421958133
1421994508
1422035477
1422176321
1422228258
1422264008
1422351696
1422869727
1423200571
1423464602
1423507696
1423580446
1423702696
1423798946
1423822758
1423911071
1423992602
1424034477
1424086321
1424123790
1424312883
1424475821
1424707508
1424858571
1424973165
1425024571
1425095446
1425249133
1425351633
1425452852
1425516352
1425700946
1425745196
1425821008
1426148665
1426386758
1426705727
1426812696
1426927633
1426993758
1427047977
1427094790
1427195227
1427265196
1427460508
1427519102
1427657571
1427816696
1428022133
1428309696
1428524977
1428646071
1428694540
1428801196
1428892352
1429228196
1429282977
1429299290
1429562946
1429789633
1429980508
1430135227
1430272102
1430436758
1431018571
1431242508
1431354915
1431604915
1431695352
1431759946
1431805008
1431881383
1432100383
1432214290
1432268790
1432351415
1432420852
1432838852
1432901758
1432979290
1433128477
1433182696
1433326696
1433388727
1433406227
1433582477
1433642758
1433716227
1433778102
1433817446
1434015633
1434031821
1434062008
1434103696
1434139540
1434157946
1434233196
1434358321
1434452633
1434512602
1434539821
1434605602
1434654227
1434821758
1434898696
1434994477
1435239102
1435603508
1435719071
1435778508
1435860290
1436087352
1436231133
1436402665
1436464633
1436544415
1436582133
1436641727
1437028133
1437094165
1437179258
1437306383
1437394133
1437488321
1438197008
1438501852
1438652321
1438712696
1438734071
1438784602
1438871758
1438970352
1439014883
1439046102
1439183758
1439360790
1439428321
1439572790
1439734071
1439788571
1439889008
1439933008
1439971758
1440122196
1440554540
1440639352
1440734821
1440830540
1441008790
1441094352
1441131883
1441164383
1441258602
1441346665
1441500071
1441759852
1442039852
1442098977
1442165040
1442241977
1442298321
1442374008
1442419821
1442482633
1442520227
1442594665
1442846915
1443200540
1443342508
1443634508
1443906415
1444278633
1444405946
1444482696
1444575102
1444794040
1444830508
1444835852
1444941102
1444983352
1449675508
1449848227
1452449665
1459857446
1460064696
1460143790
1460207883
1460279227
1460386602
1460415227
1460450165
1460470633
1460564977
1460609196
1460663477
1460757165
1460908946
1460983040
1461045727
1461118290
1461154852
1461352258
1461401790
1461612008
1461696665
1461862321
1461887477
1462070258
1462255258
1462335758
1463473477
1463655040
1463835040
1463990727
1464037821
