290135955
290418392
290520049
290562705
290622924
290664174
290882080
291215424
293680892
293751642
293791955
293830986
293895392
293941330
294071267
294135111
294211236
294320174
294350486
294433955
303542455
304035986
304848236
304901767
304966205
305086517
305235392
305250361
305295767
306737236
306860080
306921674
306968236
307008674
307071955
307108830
307146236
307253392
307265549
307311205
307370986
307503674
307549205
307730799
307851080
307946924
308163955
308248080
308406392
308748111
308998955
309237299
309319642
309358142
309500142
309537642
309566611
309605299
309634924
309656986
309705705
309737330
309774205
309778955
309807674
309817267
309829080
309863611
309869330
309875642
309978392
310056580
310164517
310474299
310573955
310589705
310753705
311386455
311530205
311538267
311541986
311560861
311637049
311755455
311868611
311939142
311996986
312023549
312062736
312154049
315938299
316013767
316033799
316118267
316248674
316279924
316308736
316367017
316406017
316792111
316912486
323206517
323344017
324605767
324721299
324811142
324873767
329308924
329457642
329620080
329679642
329703986
329723549
337084424
337189174
337193611
337256674
337316424
337370642
337421142
337432392
337459705
337594736
337712267
339803861
339875955
339909361
339964361
340040705
351323861
351933830
358648205
358732049
358762736
358840674
358882392
358999549
359018517
359092111
359179455
359244142
359378830
359624861
364568736
365828955
365901080
366000049
366046986
366105799
366235674
366592611
366631330
366786705
366900486
366915924
366992736
367050486
367138736
367183049
367266142
367363080
367454924
367505830
367542486
367641674
367665236
367736424
367761080
367818705
367856205
368075424
369124142
369162799
369212049
369328924
369428924
369467486
369524455
369674924
369733330
369787799
369824267
369888111
369986111
370026674
370187767
370245830
370310861
370435174
370588986
371131517
371651611
371928330
372118924
372267455
372410455
372507455
372661892
372754111
373650924
373796017
373861580
374043861
374103674
374153080
374363955
374973642
375315924
375380111
375439517
375560299
375809986
375932236
375951674
376005767
376082986
376175205
376205111
376314267
376681611
376751611
376820580
376844236
376867017
376875830
376909986
376921455
376938955
376964674
376974174
376987267
377006705
377023205
377035517
377049142
377052361
377067080
377070642
377074642
377079736
377085392
377100642
377113392
377152142
377163705
377189705
377244111
377285361
377302080
377357330
377400330
377452267
377484549
377517111
377582830
377627361
377642111
377734861
377762455
377765767
377794392
377823674
377942642
377966705
378058642
378124361
378232830
378596861
378631924
378668580
378701142
378723767
378732236
378745642
378766080
378792267
378873142
378881174
378954486
379024267
379102861
379139517
379204705
379421799
379443330
379454580
379502111
386693580
387016830
390324486
390847174
390980861
391139955
391473642
391530330
391884174
393748174
393847955
393886955
394021767
394093549
394121986
394128955
394143642
394147267
394165111
394173580
394193799
394197267
394239111
399911924
399977111
400022799
400097767
400187549
400262455
400691142
400719330
400732330
400751236
400755892
400773674
400790924
400794549
400803705
400820049
400823580
400831611
400843424
400867924
400876424
400909205
400924080
400986642
401002424
401025174
401040236
401074392
401089205
401095424
401115236
401121486
401127486
401141205
401183674
401197705
401223455
401236017
401320799
401341611
401377986
401416392
401460892
401469080
401594424
401720674
401729267
401822986
401974424
402303017
402453767
404830049
405214674
405285986
409797955
409806986
409857705
409880861
409906236
409922424
423981611
424143330
424183674
424220174
424241830
424454049
424545392
425833111
432109361
432240830
432349299
432480736
432695080
432737424
432775424
432808142
432856080
432929674
440573549
441164392
441267455
441367580
441422799
441459955
441485049
441542986
441580424
441639486
441681517
441710330
441832830
441875392
441924174
441931455
441973267
441998736
442009424
442015830
442027861
442058986
442062205
442091830
442113611
442138705
442156111
442199361
442222299
442340267
442399267
442435674
442486174
442550205
442564986
442618205
442693611
442813455
442848424
442941767
442972236
442977861
442984642
443014924
443153049
443345892
443369111
443450236
443503549
443622955
443707955
443770767
443857236
443906330
443913267
444595580
444809767
444854830
445310142
445505486
446680861
446731486
447230611
447253330
447298830
447358517
447382736
447404486
447430924
447447924
447471736
447495049
447520986
447535705
447555049
447580080
447599736
447672017
447676330
447696236
447709424
447790267
447844986
447886580
447895111
447929486
447933986
447946736
447975642
448058205
448081517
448143861
448177924
448243549
448832955
449332330
449335611
449404861
449458236
449502611
449535924
449663174
449762205
449781455
449789674
449808580
449815955
449874892
449967924
450041236
450053517
462368236
462403549
462470517
462484486
462534517
462569861
462574299
462654205
462689736
462721330
462818017
462929674
476109642
476130986
476149080
476151924
476173049
476180267
476185142
476200861
476207642
476216049
476233049
476259924
476275705
476293049
476309361
476319517
476346392
476368767
476377705
476399142
476409799
476432642
476589049
476764174
476778861
476797174
476825861
476862642
485445236
485493455
485589111
485646017
485688424
485729017
485752330
485776611
485827611
485913767
485927736
485939142
486001611
486073267
486136017
486200955
486240205
486299486
486382736
486452861
486493924
486553611
486631205
486651830
487799611
493740017
494952517
495302267
495510455
495651424
496057236
496260424
496715455
496787424
496865424
500719080
501016017
501074799
501195892
501379424
501413986
501542049
501818517
501898642
505163111
505379549
510498517
514549736
514568361
514593486
514680861
514714767
514760236
514797486
514832017
514933955
514984486
515032517
515064205
515191361
519535861
519594549
519677549
534972611
535117642
535182736
535514767
539108205
539210674
542980924
543230955
547757049
547777455
547796205
547799736
547812736
547819017
564918986
565011236
568106424
568258674
568497924
568821861
568849642
568875767
568882299
568885486
568897674
568915017
568921611
568953361
568957330
570186236
571110736
571298174
571584799
572923299
588210767
588312142
588364955
588436392
588496580
591100205
591122924
591233174
591580330
591958049
592463299
592518424
595269674
595317986
595583424
595739267
595837142
595896955
595950924
596140486
596406017
596664924
598781705
599690361
599770111
599858455
599934611
599992642
600040611
600110986
600146142
600211955
600251205
600257236
600269486
600279361
600285017
600316267
600329486
600335674
600358892
600375017
600417830
600432486
600470111
600496236
600528705
600562299
600567892
600604986
600613517
600627049
600681830
600695174
600705955
600720049
600731517
600851236
606495549
606518674
606577205
606585580
606600142
606620205
606636111
606639892
606661986
606674142
606685299
606689674
606702330
606730299
606738017
606746111
606751330
606759517
606769674
606774986
606779892
606798924
606836174
606918486
606941080
607116392
607257236
607334424
607359517
607493205
607646017
616199392
622867892
624475955
625168142
626250455
627386955
627400424
627403330
627469455
627517424
627559549
627599705
627613705
627631986
627737267
627824611
628323767
628369017
628465486
628489705
631122299
631140611
631382861
631959986
632135080
634453705
634487267
634553549
634591486
634652955
634781955
635730674
646113767
646321986
646457455
646554205
646715642
646772080
647266455
647979674
648553424
648650892
648886799
649468892
649702080
649724392
649808642
649876674
649939642
649974611
651804080
651930111
661726861
662186642
666218580
666278174
666375486
666409830
666420299
666486674
666532142
666554611
666616174
666763142
666814361
676849267
676929424
677088767
677141736
677213142
677394049
677661424
677746611
678423080
678617861
678677580
678730267
678752424
678822517
678915392
678948267
679033330
679130767
679166392
679195674
679224236
679255111
679309174
679407861
679455080
679487986
679536611
679625892
679658736
679705486
679752486
682061267
682775392
682840361
683299486
683347955
683367174
683392955
683520892
683570205
683641142
683749299
683919330
684010392
684454361
684486955
685039142
685095892
685747549
686222174
686322611
686490955
686612705
686784517
686929955
689140767
690200424
698560049
699906017
705163017
705183767
705259892
705274955
705290924
705310424
705354174
705404892
711382955
711460674
711534299
712037955
712152236
712292580
718831486
719162392
719349705
720716799
720988205
721061924
721375549
728421205
728522924
730973955
731010580
731099549
733438424
733444767
733486799
733521611
733546830
733551924
733555361
733567017
733576674
733586174
733597142
733626111
733629736
733638455
733653392
733658330
733672486
733691236
733715080
733726174
733729986
733736611
733746330
733787986
733801986
733808861
733817705
733848424
733855299
733864049
733878142
733882830
733938142
733962736
734058830
734084330
734124486
734274736
734308861
734384361
734971767
735004142
735080830
735117017
735130955
735156549
735160486
735180330
735185174
735193299
735233861
735240642
735302392
735342705
735380611
735397611
735424767
735431299
735437517
735449111
738962986
742268924
743069486
743102330
743128611
743134392
743138486
743154611
743168486
743219017
743241049
743257111
743272205
743289017
743312174
743338924
743359080
743376017
743518767
743560736
749168580
749430267
749481205
749514486
749613799
749640611
749700236
749782611
749853861
749867111
749967674
749989205
750028424
750062892
750067424
750114236
750137486
750161580
750268236
750342924
750409486
751075861
751517861
751573111
751605299
751636580
751643236
751691111
751705111
751731080
751743767
751808330
751875830
751907767
751923955
751967111
751991142
752020174
752036642
752062767
752100986
752133455
752257299
752293486
752316205
752355674
752388299
752426924
752529924
752581142
752618736
752642736
752673799
752695767
752723361
752738705
752816455
752893767
752938174
752973580
753001611
753031142
753068267
753168111
753189674
753233299
753329799
753369705
753417111
753424111
753457392
753472111
753514455
754508830
766227642
766268236
766274611
766328705
766373049
766380955
766421049
766453111
766497455
766590892
766726736
766777861
766854705
778170924
781980111
782064080
782079080
782190924
782224205
782324892
782416080
782451267
782572267
789987830
790100986
790123049
790126080
790132705
790140736
790143861
790166049
790188924
790230424
790303174
790339892
790365517
790446330
790467549
790528767
790547049
790591736
790612299
792681486
792732986
794258049
794391517
794463267
794563830
794773080
794844767
795767767
795851299
795979142
799785924
799966017
800210986
800289455
800323017
800360861
800419455
800485205
800580205
800626611
800683736
800973611
801061830
801451799
801497767
801541299
801694517
801769892
801812424
801872080
801893861
801920361
802000955
802011955
802038299
802048611
802091580
802142299
802165080
802203705
802245361
802276424
802326330
802387861
802399142
802479236
803984642
804256955
804337955
804468299
808584986
808698174
810132174
810227080
810268111
810298517
810326611
810349361
810408892
810462986
810514924
810574674
810665236
810698767
810745455
810880299
811489830
812076830
812099611
812208080
814123080
814155174
814370705
814457361
814592142
814696861
815322111
823609049
823769736
823869392
834273830
846292517
846394392
846568299
847531142
847591892
847628017
847672799
847691361
847782736
847826455
847860674
847896767
847928799
847955642
848025549
848038267
848145486
848242049
848266549
848320424
848463267
848685861
856217736
856357517
856766924
857128424
865765830
865794986
865858767
865880580
865962674
866009205
866044330
866070111
866098830
866225517
866249236
866373674
866408299
866495174
866535517
866555236
866572986
866576674
866582424
866592580
866646017
866793049
867109955
867235205
867253080
867272361
867275861
867291236
867302111
867312830
867339111
867355361
867374392
867405830
867423455
867431955
867460611
867466299
867513205
867555799
867593892
867603392
867624767
867642892
867677861
867708517
867736392
867774205
867918267
868569455
868676549
888199080
888824549
890733549
890867892
891061424
891141517
891301236
891394799
891420549
891455517
891559361
891567611
891593767
892540361
892554486
892591174
892601674
892617205
892647267
892656705
892669986
892674174
892696392
892709111
892732080
892761924
892775455
892780924
892801299
892829611
892859455
892942017
892959205
893033236
893079736
893189361
893282517
893313767
893356767
893421830
894714455
894818080
894932455
895001299
895219424
895244580
895307830
895352549
912510580
912839705
912988674
917667736
918081830
919490455
919502299
919537674
919555392
919569236
919573861
921119705
921184455
921256424
922359736
923652142
924685830
924988455
925042799
925250736
925286705
926280236
926385267
926479330
926558455
928915892
929164142
930261986
930994424
931199736
935090705
935277299
935295267
935894299
936013924
936051455
936090611
936110205
936180017
936260611
936274861
936298986
936370955
936421924
936470799
936505799
936516924
936551799
936719892
940474892
940952049
941015017
941096674
941202799
941419924
944276017
944303892
944410830
944465674
944597236
944610205
944660392
948411142
948441767
950482455
950563924
950808111
950858830
950927517
951040861
951080424
951125705
951150549
951310455
951357861
953451392
953491767
953553142
953605424
953637955
953707361
953789486
953830924
953849486
953922986
953977642
954018924
954171799
954203611
954227799
954252205
954353299
954376236
954387986
954428736
954447611
954473111
954496549
954554361
954634330
954663330
954699142
954724236
954738174
954772205
954862955
954888299
954922392
954950611
954960705
954986705
955013049
955044767
955065267
955084392
955108111
955140267
955149830
955164299
955175111
955197767
955204767
955227299
955258080
955286424
955291174
955311205
955338705
955382424
955457111
955497986
955543517
955598205
955691549
955780986
955795892
955857642
955920205
955948799
955980892
955992705
956035767
956135861
956270549
956407736
956825236
956876767
956894674
956924267
957013580
957089830
957234205
957488892
957549955
957586580
965434580
965479892
965507017
965566236
965593611
965671517
965676299
965790611
966053236
966057330
966084174
966115799
966207861
967637892
967700205
967718830
967726080
967764830
967878174
974277455
974338424
976574142
976688424
976745361
976843080
976881892
976915049
978144892
978383142
978434736
978501424
979034924
979595017
979651267
979710517
979713861
979796049
979853955
979856892
979862080
979893174
979898986
979908424
979917361
979922299
979927924
979955424
979967455
979978486
979995799
980019611
980427517
980455205
980503142
980554111
980606955
980613986
980703767
980738049
980826955
980876486
980926486
980970611
981025580
981072111
981100799
981138017
981158142
981590455
981694142
981729986
981748924
981823705
981851705
981878392
981892174
981900517
981926049
981963330
981979861
982023986
982066361
982107986
982124517
982155424
982159705
982198924
982514299
982543642
982609642
982632830
982652080
982680267
982714049
982858611
982919205
983185705
983223330
983256080
983517549
983611424
983629236
983636705
983640017
983705955
983735080
983811017
983950986
984124705
984159674
984181611
984231455
984267236
984324486
984557799
984632955
984680080
984709767
984903455
985198642
1030243986
1030335017
1030457924
1030587517
1030625924
1030677924
1030833861
1031149299
1031279424
1031347642
1031371486
1031421549
1036645330
1036681142
1036703736
1036710549
1036733424
1036761205
1036814486
1036854517
1036892955
1036933267
1037036455
1037071517
1037099486
1037142705
1037153267
1037161861
1037173736
1037185830
1037204455
1037208924
1037229392
1037253861
1037257455
1037264830
1037269767
1037279924
1037290830
1037318799
1037339955
1038642830
1038749424
1038907299
1039466549
1039505267
1039511080
1039515924
1039546955
1039565892
1039589674
1039593174
1039604236
1039620361
1039652080
1039667111
1039684174
1039687517
1039736955
1039750767
1039801611
1039817486
1039829455
1039832705
1039865455
1039890080
1039900705
1039905299
1039932486
1039945674
1039961392
1040012486
1040034955
1040055736
1040074736
1040122299
1040176236
1040187142
1040230205
1040240080
1040314455
1040576267
1040651392
1040669142
1040672236
1040695486
1040698517
1040702299
1040705424
1040712080
1040716330
1040727017
1041063767
1041258174
1041282392
1041306236
1041347267
1041392861
1041462986
1041512955
1041535111
1047379236
1047449424
1048512299
1048551361
1048586674
1048593080
1048632799
1048683267
1048694455
1048721174
1048742517
1048766174
1048802424
1048839267
1048869549
1048918205
1052474017
1065872330
1066057955
1066224924
1066450361
1066705049
1068053986
1068125705
1068198611
1068584299
1068645205
1068748392
1068873049
1068930830
1068991767
1069047392
1069117392
1069166424
1069200267
1069270705
1069304392
1069346986
1069367986
1069371611
1069462455
1069609642
1069652486
1069670986
1069687486
1069824705
1070663986
1070769611
1070784424
1070858017
1070887049
1070914267
1070960705
1071251017
1071281986
1071353767
1071569174
1071634174
1071691517
1071983361
1072098361
1072144080
1072213236
1072439486
1072539580
1075694861
1075779111
1075845080
1086339424
1093601736
1093621955
1093706142
1093746986
1093860736
1093875080
1093955955
1094071174
1094112955
1094142549
1102322111
1102542611
1102580142
1117772767
1119985424
1121104767
1121163924
1123702799
1123715830
1123751267
1123788517
1123813017
1123823174
1123843205
1123866955
1123904299
1123955361
1124011236
1124103830
1124803924
1125193299
1125260174
1126321299
1126795392
1130029767
1130091861
1130149955
1130270830
1130316705
1130344205
1130399236
1130412455
1130522455
1130582736
1130708455
1130757892
1130805892
1130815705
1130867924
1131543080
1132801455
1141891517
1141944299
1142026174
1142034861
1142088486
1142124767
1142140611
1142159142
1142281486
1142311080
1142393330
1159361142
1159571924
1159876611
1159995424
1160479642
1160571486
1160683205
1161600017
1161889705
1161961299
1167315830
1167428080
1167449955
1167522486
1167540486
1167560611
1167590299
1167652111
1168834236
1170891330
1170952705
1170989017
1171031392
1171063642
1171112017
1171139424
1171179799
1171235486
1171240299
1171287767
1171347861
1171526142
1171602049
1174714924
1174735736
1174790236
1175775142
1175852267
1175857830
1175886174
1175890017
1175928892
1176028830
1176062580
1176126986
1176178861
1176193424
1176257549
1176304361
1176376924
1177213736
1177328642
1177499205
1177714924
1177776174
1177866892
1177879486
1177898799
1177965361
1178002955
1178062549
1178115299
1178515611
1178624017
1179158611
1179209424
1179271986
1179371517
1188513580
1188622674
1188651486
1188674049
1194327674
1194584580
1194983955
1195259580
1195721049
1195935955
1197379267
1197496111
1199082674
1199324767
1199444830
1199467080
1199504424
1199555580
1199572580
1200203830
1200318455
1200424674
1205406017
1205552736
1205665861
1205764924
1205799674
1206099861
1206182486
1206290736
1206364549
1206396017
1206445892
1207872205
1207926799
1208857142
1208903580
1209117986
1209250267
1209680674
1211447174
1211474705
1211563236
1211648736
1211829299
1211932736
1212059330
1212930986
1215671361
1215751736
1216141799
1216223299
1216236799
1216350924
1216392924
1216496424
1216512767
1216536767
1216587767
1216632799
1216643049
1217547799
1222399799
1222470830
1222495955
1222529017
1222585549
1222614892
1222621736
1222685955
1222723674
1222745111
1222762517
1222856174
1222892767
1222915455
1223204455
1223958049
1224133767
1224197830
1225039330
1225109924
1225123580
1225137049
1225158142
1225181736
1225279049
1225291767
1225596549
1225987017
1226142674
1229351517
1229452236
1230281830
1233186299
1233730049
1233777111
1234004142
1234031611
1234043424
1234075142
1234127392
1235431767
1237123549
1237183705
1237274580
1237309642
1237365517
1237415111
1237423674
1237443642
1237465205
1237485299
1237498017
1237599142
1237672767
1237679736
1237693955
1237731955
1237748705
1237775674
1237800517
1237820642
1237853017
1237888455
1237902080
1237925392
1237932361
1237941892
1237984142
1238004705
1238014486
1238047580
1238052830
1238094205
1238162142
1238413767
1238435049
1238469892
1238492111
1238513299
1238571236
1241352580
1241391486
1241409142
1241436424
1241603361
1241648642
1241671299
1241681049
1241684111
1241729549
1241773486
1241790049
1241836924
1241850049
1241880736
1242266517
1242478924
1242536080
1242551080
1242581861
1242598861
1242649736
1244516892
1244571830
1244632049
1244731642
1249313580
1249346642
1249555267
1249625580
1249667642
1255562424
1255703892
1255971236
1256065767
1256104049
1256132924
1256246111
1256380642
1256398455
1256704830
1256708236
1256716799
1256721892
1256764986
1256788299
1256805174
1256830986
1262966892
1271994736
1272073049
1272166299
1272208330
1272257111
1272350517
1272584267
1272714330
1272906642
1273090424
1273148299
1273241986
1273303924
1273407174
1273466486
1274272830
1274337549
1274446111
1275578236
1275618392
1275646486
1275686986
1275699892
1275794955
1275892892
1275906392
1275982455
1276022455
1276067267
1276115517
1276157267
1276707611
1276735674
1276873205
1276932517
1277015549
1277075455
1277144517
1277223611
1277290986
1277402799
1277492455
1277825361
1278004705
1278058674
1278121861
1280717892
1280954642
1281465424
1281501705
1281630455
1281724361
1285223892
1285286017
1285319392
1285355705
1285400205
1285427861
1285732986
1286407142
1286536736
1286610830
1286651986
1287613267
1287701392
1287802017
1287899736
1287970049
1288146080
1288196486
1288273017
1288299705
1288317330
1288339767
1288396392
1288422736
1288461674
1288841767
1288872736
1288919486
1288934861
1288951205
1288954986
1288974392
1288977892
1288994955
1288998517
1289021611
1289025924
1289067455
1289212674
1289240080
1289360111
1289454142
1289457861
1289461455
1289505955
1289553955
1289790111
1290283799
1291156330
1291203486
1294388549
1294434330
1294498361
1294512299
1294634455
1294645455
1294653611
1294669674
1294707299
1294710174
1294725299
1294737830
1294747767
1294771924
1294788080
1294819892
1294837080
1294841892
1294863486
1294884517
1294890080
1294894767
1294905799
1294933205
1294959580
1294967392
1295064455
1295093361
1295126924
1295141455
1295148892
1295275924
1295298705
1295333236
1295389142
1295992955
1296750174
1296960736
1296985049
1297001705
1297105330
1303108580
1303146267
1303177267
1303234111
1303330674
1303394799
1303472892
1303533017
1303597517
1303687267
1305197486
1305352424
1309038236
1309235549
1309262517
1309399080
1309439799
1309485392
1309500955
1309614830
1309731424
1327387705
1327767830
1327840236
1327866549
1327917892
1327961924
1328037392
1328076642
1328112767
1328143736
1328152174
1328175549
1328185924
1328200455
1328225830
1328236299
1328294642
1328318017
1328338861
1328369517
1328395361
1328481892
1328551549
1328598736
1328644642
1328720642
1329007267
1329079236
1329362580
1329426642
1329460111
1329475236
1329532361
1329608299
1330711549
1330749392
1330902017
1331045330
1331078892
1348733392
1348857142
1348867142
1348910361
1348952049
1348963736
1348976049
1348981111
1348984361
1349016017
1349045924
1349073580
1349104674
1349216830
1350106517
1350229017
1350322111
1350448924
1350574799
1350696392
1361082111
1361358205
1361448392
1361541049
1361663736
1365358830
1365401299
1365428361
1365496205
1365574517
1365621017
1365743049
1365768924
1365815924
1365875174
1365969580
1366034611
1366180111
1366253392
1366373799
1366447111
1366534611
1366598736
1366652174
1366728580
1367658642
1368015486
1368094142
1368232861
1368579392
1368749299
1368909455
1369053892
1373436642
1373601986
1375021330
1375362892
1375424892
1375491486
1375536486
1375612486
1375713611
1375733486
1375776674
1375817924
1375870205
1375908111
1375938705
1375959549
1375977642
1376078892
1376092486
1376129080
1376156642
1376172486
1376200986
1376206799
1376214392
1376245830
1376263580
1376285080
1376308799
1376321642
1376367580
1376379830
1376396392
1376410299
1376417736
1376496767
1376507205
1376599142
1376629205
1376641017
1376656611
1376677455
1376715580
1376735486
1376837736
1376846736
1376878611
1376904986
1376912111
1376953892
1377047174
1377082611
1377100580
1377133549
1377972236
1378042674
1378713611
1378744955
1378761424
1381489642
1381559424
1381673111
1392891049
1392935486
1392961642
1397534861
1405889080
1405940736
1406058736
1406350986
1407718361
1410428799
1410490986
1410604549
1410634424
1410670392
1410703892
1410761486
1410809955
1410828424
1410864642
1410882111
1410894924
1410916767
1410998017
1411015861
1411073861
1411141017
1411233830
1411294642
1411330174
1411957799
1412048611
1412080392
1412109267
1412112267
1412116205
1412127549
1412138674
1412143642
1412153674
1412165642
1412173361
1412197955
1412214955
1412234174
1412252892
1412268361
1412274517
1412289267
1412300299
1412316267
1412327424
1412342080
1412362267
1412386486
1412427111
1412433767
1412460424
1412472549
1412492205
1412496142
1412582892
1412601517
1412615986
1412630205
1412635580
1412673455
1412711955
1412722205
1412780549
1412792080
1412810611
1412824205
1412855142
1412877455
1412903642
1412927017
1412949267
1413000142
1413028267
1413107549
1413136986
1413153111
1413182299
1413278955
1413306549
1413355517
1413361674
1413412486
1413445174
1413503611
1413521267
1413537580
1414848549
1414889674
1414895424
1415069017
1416437205
1417652705
1417719361
1419247049
1419310955
1419332330
1419351267
1419392017
1419801611
1419844330
1422452455
1422480486
1422506330
1422684392
1422796017
1422888517
1422921424
1423458580
1423482174
1423495486
1423536736
1423568142
1423595861
1423600549
1424132955
1424240955
1424337924
1425334674
1430174205
1430857517
1430929111
1431189611
1431331174
1431389580
1431449017
1431495174
1431505049
1431544299
1431574549
1431600392
1431621330
1431625142
1431660017
1432299330
1433719111
1433811767
1434293674
1434319455
1434324424
1434338111
1434718799
1434832736
1434908674
1435280861
1435798236
1435886830
1436436205
1436737580
1438942580
1439012642
1439050549
1439182799
1439219580
1439247267
1439331080
1439339642
1439449580
1439530486
1439673517
1439757799
1439809017
1482055017
1482102580
1482445830
1489171174
1489201736
1489249111
1489300611
1489551205
1492466736
1492556986
1493111924
1493312267
1493468236
1493545017
1493599549
1493667767
1493814236
1493883455
1493923924
1493950986
1494006361
1494038517
1494064830
1494109049
1494185236
1494197174
1494242049
1494303924
1494373736
1494404299
1494425924
1494473705
1494552861
1494663517
1494701174
1494726049
1494757392
1494770892
1494819111
1494830486
1495533361
1495580580
1496219455
1497229705
1497275267
1497372830
1500624517
1500700861
1500754299
1501709861
1501835049
1502796517
1503119736
1503181017
1503228736
1503362455
1503403361
1503435642
1503458830
1503474861
1503511924
1503591392
1503670674
1503700674
1503774236
1508721705
1508814080
1508903330
1508950111
1509013017
1509123111
1509175892
1509216267
1509249611
1509274642
1509314674
1511113830
1511372674
1511542455
1511614736
1511650517
1511692955
1512261892
1512301674
1512319674
1512337424
1512583236
1513755486
1513911799
1515498892
1515642580
1515766486
1515895205
1515942861
1515960080
1516732267
1516751392
1516774767
1516817767
1516835424
1516866330
1516871892
1516893017
1516908861
1516919861
1516927517
1516931549
1516934580
1516939736
1516948955
1516976424
1517001517
1517011142
1517029049
1517035861
1517055111
1517099549
1517103924
1517143330
1517402705
1517447361
1517610236
1517622892
1517638017
1517662111
1517673111
1517683642
1517693299
1517703892
1517709611
1517749424
1517771236
1518754705
1518858142
1518902111
1518915799
1518930611
1518950424
1518958424
1519015799
1519095392
1519141049
1520893299
1520995205
1522112142
1522139330
1522172674
1522243361
1522277455
1522343299
1524493892
1524535236
1524656080
1524689455
1526668330
1526692330
1526939330
1529250986
1529382549
1529535299
1533448236
1533471799
1533520955
1533571642
1533642017
1533688986
1533743017
1533801580
1533834674
1533861830
1533884861
1533945330
1533966892
1533974049
1533990361
1534000767
1534009049
1534022767
1534048330
1534051799
1534075955
1534103361
1534128080
1534174455
1534182049
1534195674
1534209205
1534217892
1534230174
1534245611
1534248705
1534256924
1534291424
1535782267
1535828049
1535857924
1535863299
1535880017
1535925986
1535966549
1535979611
1535988424
1535998892
1536019486
1536079299
1536315455
1536353611
1536422736
1536443892
1537365611
1537435392
1537470236
1537721736
1537791674
1540488361
1542613142
1542674986
1542817111
1542958549
1543048767
1545830330
1545909111
1545990736
1546016236
1546026767
1546029611
1546067549
1546113236
1546175705
1546236080
1546247892
1546252111
1546296736
1546341986
1546391799
1546504455
1546541049
1546581486
1546616986
1546643830
1546678580
1546719830
1546741611
1546766549
1546906142
1547311674
1558750174
1558771549
1558800736
1558852736
1558865892
1558885049
1558959142
1558968736
1559000705
1559029767
1559101017
1559280705
1565033580
1565198799
1565224611
1565255580
1565273674
1565289517
1565303080
1565315455
1565350111
1565374174
1565379455
1565393049
1565407330
1565437861
1565442236
1565485517
1565522455
1565557955
1565579736
1565588455
1565596205
1565605799
1565649236
1565671299
1565750299
1565766017
1565793299
1565807892
1565914705
1565948642
1565985236
1566025049
1566042517
1566092924
1566148580
1566195267
1566250986
1566944361
1567020986
1567157611
1567220986
1567247017
1567467861
1567783486
1567814549
1568771361
1568837705
1568872924
1568892580
1568914361
1568941549
1568949580
1569013361
1569054767
1569073424
1569606767
1569663580
1569775736
1572568861
1573035924
1573141799
1573179236
1573216986
1573920955
1573959549
1574013455
1574537111
1576843861
1576947580
1579820799
1579871799
